timestamp,open,high,low,close,adjusted_close,volume,dividend_amount,split_coefficient
2018-08-01,104.0,104.0,104.0,104.0,104.0,0,0.0000,1.0
2018-07-31,104.2,105.0,102.95,104.0,104.0,337623,0.0000,1.0
2018-07-30,104.3,105.35,103.75,104.15,104.15,55065,0.0000,1.0
2018-07-27,105.55,105.725,104.15,104.55,104.55,70365,0.0000,1.0
2018-07-26,104.25,105.8,104.25,105.6,105.6,54552,0.0000,1.0
2018-07-25,104.15,105.25,104.05,104.95,104.95,32607,0.0000,1.0
2018-07-24,105.65,105.9,103.85,104.2,104.2,77196,0.0000,1.0
2018-07-23,104.9,105.425,104.05,105.3,105.3,44843,0.0000,1.0
2018-07-20,104.95,105.15,104.45,105.05,105.05,22914,0.0000,1.0
2018-07-19,104.2,105.05,103.75,104.9,104.9,29599,0.0000,1.0
2018-07-18,104.0,104.55,103.0,104.3,104.3,33225,0.0000,1.0
2018-07-17,103.6,104.6,103.05,103.7,103.7,19783,0.0000,1.0
2018-07-16,104.4,104.4,103.05,103.95,103.95,27795,0.0000,1.0
2018-07-13,104.4,105.9,104.3,104.4,104.4,19589,0.0000,1.0
2018-07-12,105.15,105.25,103.9,104.75,104.75,44227,0.0000,1.0
2018-07-11,103.8,105.85,103.15,104.7,104.7,85130,0.0000,1.0
2018-07-10,103.2,104.225,101.95,104.05,104.05,97579,0.0000,1.0
2018-07-09,103.25,104.1,102.75,103.1,103.1,64136,0.0000,1.0
2018-07-06,102.4,103.25,102.0,103.15,103.15,53538,0.0000,1.0
2018-07-05,101.7,102.55,100.75,102.55,102.55,61211,0.0000,1.0
2018-07-03,101.6,101.6,100.3,101.5,101.5,45142,0.0000,1.0
2018-07-02,98.35,101.2,98.2,101.15,101.15,43559,0.0000,1.0
2018-06-29,98.75,99.4,97.9,98.7,98.7,46873,0.0000,1.0
2018-06-28,97.55,98.6,96.9,98.4,98.4,45272,0.0000,1.0
2018-06-27,98.7,98.7,97.25,97.85,97.85,39344,0.0000,1.0
2018-06-26,98.0,99.5,97.0,98.7,98.7,67906,0.0000,1.0
2018-06-25,98.9,98.9,97.1,98.2,98.2,69688,0.0000,1.0
2018-06-22,101.15,101.35,99.05,99.25,99.25,68050,0.0000,1.0
2018-06-21,100.45,101.35,99.65,100.95,100.95,112635,0.0000,1.0
2018-06-20,98.75,100.75,98.65,100.65,100.65,91857,0.0000,1.0
2018-06-19,96.0,99.3,95.6,99.25,99.25,69565,0.0000,1.0
2018-06-18,95.25,96.325,94.45,96.3,96.3,60534,0.0000,1.0
2018-06-15,95.85,96.45,94.8,95.2,95.2,74420,0.0000,1.0
2018-06-14,95.3,96.3,94.45,96.25,96.25,48506,0.0000,1.0
2018-06-13,96.05,96.65,93.6,95.15,95.15,47636,0.0000,1.0
2018-06-12,97.0,97.7,95.65,95.95,95.95,49796,0.0000,1.0
2018-06-11,97.2,98.1,96.55,97.0,97.0,115054,0.0000,1.0
2018-06-08,96.7,97.45,96.3,97.0,97.0,37460,0.0000,1.0
2018-06-07,98.05,98.05,96.5,96.7,96.7,91041,0.0000,1.0
2018-06-06,96.9,98.05,96.4,98.0,98.0,40995,0.0000,1.0
2018-06-05,95.9,97.55,95.65,97.1,97.1,46995,0.0000,1.0
2018-06-04,94.85,96.25,94.05,96.25,96.25,46291,0.0000,1.0
2018-06-01,95.1,95.125,94.2,94.9,94.9,70383,0.0000,1.0
2018-05-31,94.9,96.25,94.75,94.95,94.95,53023,0.0000,1.0
2018-05-30,93.8,95.75,93.8,94.75,94.75,57785,0.0000,1.0
2018-05-29,92.65,94.9,92.65,93.65,93.65,85511,0.0000,1.0
2018-05-25,91.7,93.0,91.7,92.7,92.7,124960,0.0000,1.0
2018-05-24,89.75,92.25,89.4,91.85,91.85,47368,0.0000,1.0
2018-05-23,89.35,90.35,88.85,89.8,89.8,38349,0.4300,1.0
2018-05-22,90.35,90.9,89.5,89.9,89.4715726477,77991,0.0000,1.0
2018-05-21,90.05,90.5,89.675,90.25,89.819904688,28170,0.0000,1.0
2018-05-18,90.1,90.65,89.35,89.65,89.2227640474,64862,0.0000,1.0
2018-05-17,87.95,89.7,87.85,89.3,88.8744320071,84446,0.0000,1.0
2018-05-16,87.9,89.2,87.9,88.2,87.779674166,49260,0.0000,1.0
2018-05-15,89.9,91.75,87.8,87.85,87.4313421257,67828,0.0000,1.0
2018-05-14,90.15,91.15,89.9,90.2,89.770142968,52201,0.0000,1.0
2018-05-11,90.25,90.65,89.5,90.2,89.770142968,32662,0.0000,1.0
2018-05-10,89.5,90.45,89.05,90.1,89.6706195279,21908,0.0000,1.0
2018-05-09,89.95,91.5,88.85,89.4,88.9739554472,30483,0.0000,1.0
2018-05-08,91.0,91.25,89.25,90.0,89.5710960878,27638,0.0000,1.0
2018-05-07,92.2,92.2,91.05,91.35,90.9146625291,28621,0.0000,1.0
2018-05-04,93.2,93.2,91.25,92.15,91.7108500499,26854,0.0000,1.0
2018-05-03,96.65,98.2,92.9,93.15,92.7060844508,88414,0.0000,1.0
2018-05-02,94.7,97.85,92.75,96.3,95.8410728139,66329,0.0000,1.0
2018-05-01,91.6,91.9,89.55,90.5,90.0687132883,78489,0.0000,1.0
2018-04-30,91.9,92.8,91.35,91.75,91.3127562895,84257,0.0000,1.0
2018-04-27,92.8,93.25,91.65,91.95,91.5118031697,37646,0.0000,1.0
2018-04-26,92.8,93.05,91.8,92.55,92.1089438103,24649,0.0000,1.0
2018-04-25,92.45,93.8,92.4,92.5,92.0591820902,25918,0.0000,1.0
2018-04-24,94.05,94.1,92.65,93.45,93.0046547711,29465,0.0000,1.0
2018-04-23,93.8,95.3,93.45,93.8,93.3529868115,85284,0.0000,1.0
2018-04-20,93.8,94.3,93.3,93.45,93.0046547711,30934,0.0000,1.0
2018-04-19,94.65,95.0,93.65,93.85,93.4027485315,34103,0.0000,1.0
2018-04-18,95.05,95.65,94.35,94.65,94.1989360523,106148,0.0000,1.0
2018-04-17,93.6,94.8,92.775,94.6,94.1491743323,54158,0.0000,1.0
2018-04-16,91.75,93.75,91.4,93.3,92.855369611,54163,0.0000,1.0
2018-04-13,90.8,91.8,90.4,91.55,91.1137094093,30171,0.0000,1.0
2018-04-12,89.95,91.0,89.8,90.6,90.1682367284,47525,0.0000,1.0
2018-04-11,89.6,90.55,89.4,89.9,89.4715726477,17129,0.0000,1.0
2018-04-10,89.3,90.05,88.7,89.6,89.1730023274,155511,0.0000,1.0
2018-04-09,88.95,90.05,87.7,88.5,88.0782444863,61715,0.0000,1.0
2018-04-06,88.9,89.85,88.05,88.45,88.0284827663,42058,0.0000,1.0
2018-04-05,88.75,89.45,88.0,89.2,88.774908567,29718,0.0000,1.0
2018-04-04,86.45,88.7,86.4,88.5,88.0782444863,70900,0.0000,1.0
2018-04-03,86.35,87.5,85.65,87.3,86.8839632051,104436,0.0000,1.0
2018-04-02,87.3,87.65,85.55,86.1,85.689681924,48953,0.0000,1.0
2018-03-29,86.45,88.6,86.45,87.35,86.9337249252,70856,0.0000,1.0
2018-03-28,86.5,87.65,85.7,86.2,85.7892053641,80250,0.0000,1.0
2018-03-27,87.55,87.65,86.25,86.3,85.8887288042,55827,0.0000,1.0
2018-03-26,87.7,88.3,86.65,87.15,86.734678045,72860,0.0000,1.0
2018-03-23,88.45,88.45,86.45,86.6,86.1872991245,66016,0.0000,1.0
2018-03-22,88.25,89.45,88.0,88.2,87.779674166,83692,0.0000,1.0
2018-03-21,90.3,90.3,88.9,89.1,88.6753851269,38037,0.0000,1.0
2018-03-20,91.25,91.54,90.15,90.5,90.0687132883,35802,0.0000,1.0
2018-03-19,88.95,91.2,88.7,91.05,90.6160922088,63985,0.0000,1.0
2018-03-16,88.75,89.7,88.45,89.0,88.5758616868,92592,0.0000,1.0
2018-03-15,88.7,89.0,88.1,88.7,88.2772913665,51911,0.0000,1.0
2018-03-14,89.1,89.15,87.95,88.45,88.0284827663,35690,0.0000,1.0
2018-03-13,88.5,89.7,88.2,88.4,87.9787210462,37059,0.0000,1.0
2018-03-12,89.05,89.05,88.15,88.45,88.0284827663,45174,0.0000,1.0
2018-03-09,88.55,88.95,87.2,88.6,88.1777679264,41759,0.0000,1.0
2018-03-08,87.25,89.0,86.95,87.75,87.3318186856,82928,0.0000,1.0
2018-03-07,84.35,87.8,83.55,87.5,87.0830100853,144463,0.4300,1.0
2018-03-06,82.0,85.05,81.9,85.0,84.1812334499,80390,0.0000,1.0
2018-03-05,78.85,83.7,78.1,81.35,80.5663922489,159152,0.0000,1.0
2018-03-02,74.6,78.5,73.1,77.9,77.1496245382,120028,0.0000,1.0
2018-03-01,77.6,77.6,75.0,75.55,74.8222610252,59666,0.0000,1.0
2018-02-28,79.0,79.4,77.65,77.7,76.9515510478,37259,0.0000,1.0
2018-02-27,79.25,79.95,78.5,78.75,77.9914368727,29855,0.0000,1.0
2018-02-26,80.45,80.55,78.75,79.55,78.7837308346,33211,0.0000,1.0
2018-02-23,79.95,80.8538,79.4,80.5,79.7245799144,34950,0.0000,1.0
2018-02-22,79.5,80.05,78.75,79.6,78.8332492072,31894,0.0000,1.0
2018-02-21,79.25,80.3,78.25,79.25,78.4866205989,72493,0.0000,1.0
2018-02-20,80.3,80.9,78.95,79.2,78.4371022263,24414,0.0000,1.0
2018-02-16,80.5,81.95,79.95,80.85,80.0712085227,28978,0.0000,1.0
2018-02-15,80.6,81.0,79.4,80.8,80.0216901501,32804,0.0000,1.0
2018-02-14,78.5,81.0,78.5,80.4,79.6255431691,27984,0.0000,1.0
2018-02-13,77.9,79.35,77.5,79.25,78.4866205989,65837,0.0000,1.0
2018-02-12,78.85,79.225,77.65,78.2,77.4467347739,78028,0.0000,1.0
2018-02-09,78.7,79.85,77.5,78.85,78.090473618,87674,0.0000,1.0
2018-02-08,79.45,79.7,77.95,77.95,77.1991429109,80400,0.0000,1.0
2018-02-07,78.75,80.05,78.25,79.55,78.7837308346,77026,0.0000,1.0
2018-02-06,77.35,81.5,76.1,79.2,78.4371022263,94259,0.0000,1.0
2018-02-05,78.95,79.85,78.4,78.6,77.8428817549,60663,0.0000,1.0
2018-02-02,79.5,80.45,79.0,79.1,78.3380654811,63149,0.0000,1.0
2018-02-01,79.25,80.6,78.1,80.15,79.377951306,88622,0.0000,1.0
2018-01-31,80.7,80.7,78.6,79.55,78.7837308346,41642,0.0000,1.0
2018-01-30,79.25,80.925,79.1,80.0,79.2293961882,90726,0.0000,1.0
2018-01-29,81.2,81.45,79.65,79.8,79.0313226977,65338,0.0000,1.0
2018-01-26,80.4,81.6,79.95,81.4,80.6159106215,33901,0.0000,1.0
2018-01-25,83.2,83.2,79.85,80.7,79.9226534048,50898,0.0000,1.0
2018-01-24,82.15,83.1,81.9,82.9,82.1014618,67114,0.0000,1.0
2018-01-23,79.95,82.3,79.75,82.1,81.3091678381,74517,0.0000,1.0
2018-01-22,80.45,80.55,79.55,80.35,79.5760247965,44954,0.0000,1.0
2018-01-19,79.45,80.55,79.25,80.5,79.7245799144,57807,0.0000,1.0
2018-01-18,80.55,80.75,79.35,79.8,79.0313226977,36871,0.0000,1.0
2018-01-17,79.8,80.6,79.6,80.35,79.5760247965,40736,0.0000,1.0
2018-01-16,80.95,82.4,79.45,79.5,78.734212462,53245,0.0000,1.0
2018-01-12,80.35,81.3,79.95,80.85,80.0712085227,23211,0.0000,1.0
2018-01-11,79.2,81.05,79.2,80.35,79.5760247965,34248,0.0000,1.0
2018-01-10,78.65,79.55,78.65,79.15,78.3875838537,33245,0.0000,1.0
2018-01-09,79.05,79.55,78.7,79.15,78.3875838537,49472,0.0000,1.0
2018-01-08,79.05,79.625,79.0,79.05,78.2885471084,45418,0.0000,1.0
2018-01-05,78.95,79.35,78.45,79.1,78.3380654811,34528,0.0000,1.0
2018-01-04,78.45,79.05,78.05,78.75,77.9914368727,55053,0.0000,1.0
2018-01-03,79.4,80.1,78.15,78.45,77.694326637,59947,0.0000,1.0
2018-01-02,78.3,79.9,77.4,79.45,78.6846940894,65146,0.0000,1.0
2017-12-29,78.15,78.25,77.25,77.4,76.6544408121,46990,0.0000,1.0
2017-12-28,79.2,79.2,78.0,78.25,77.4962531466,19324,0.0000,1.0
2017-12-27,79.9,80.35,78.85,79.25,78.4866205989,24552,0.0000,1.0
2017-12-26,79.9,80.8,79.6,79.95,79.1798778156,62918,0.0000,1.0
2017-12-22,79.7,80.575,78.8,80.1,79.3284329334,66440,0.0000,1.0
2017-12-21,80.15,80.7,79.175,79.85,79.0808410703,83021,0.4300,1.0
2017-12-20,80.2,81.2,79.1,80.3,79.1005423262,46910,0.0000,1.0
2017-12-19,80.9,81.7,80.15,80.35,79.1497954659,77131,0.0000,1.0
2017-12-18,80.15,81.2,79.8,80.9,79.6915800024,76167,0.0000,1.0
2017-12-15,79.0,80.5,78.8,79.4,78.213985812,125975,0.0000,1.0
2017-12-14,81.45,81.45,78.95,79.35,78.1647326723,116142,0.0000,1.0
2017-12-13,80.75,81.9,80.6,81.0,79.7900862817,125429,0.0000,1.0
2017-12-12,81.05,81.7,80.075,80.5,79.2975548849,225890,0.0000,1.0
2017-12-11,83.1,84.25,80.65,80.95,79.740833142,210559,0.0000,1.0
2017-12-08,83.55,84.05,82.45,82.8,81.5631993102,99957,0.0000,1.0
2017-12-07,83.75,84.8,82.2,82.9,81.6617055896,91341,0.0000,1.0
2017-12-06,82.45,83.95,82.45,83.45,82.203490126,74666,0.0000,1.0
2017-12-05,81.85,83.15,80.55,82.55,81.3169336118,151735,0.0000,1.0
2017-12-04,84.55,85.2,81.55,81.8,80.5781365166,115504,0.0000,1.0
2017-12-01,85.15,85.2,81.9,84.4,83.13929978,107296,0.0000,1.0
2017-11-30,85.0,85.8,83.5,85.3,84.0258562942,116803,0.0000,1.0
2017-11-29,82.2,87.1,82.2,85.05,83.7795905958,265468,0.0000,1.0
2017-11-28,82.4,83.05,81.35,82.15,80.9229084944,144923,0.0000,1.0
2017-11-27,82.7,83.35,81.55,81.85,80.6273896563,114774,0.0000,1.0
2017-11-24,82.05,82.95,80.225,82.9,81.6617055896,17018,0.0000,1.0
2017-11-22,82.3,82.75,81.45,82.1,80.8736553547,27093,0.0000,1.0
2017-11-21,81.75,83.35,81.6,82.3,81.0706679134,55826,0.0000,1.0
2017-11-20,81.35,81.6,80.2,81.6,80.3811239579,76667,0.0000,1.0
2017-11-17,82.5,82.5,80.3,81.35,80.1348582595,90292,0.0000,1.0
2017-11-16,82.8,84.1,82.0,82.75,81.5139461705,110407,0.0000,1.0
2017-11-15,82.1,83.0,81.6,82.75,81.5139461705,139414,0.0000,1.0
2017-11-14,82.15,82.6,80.85,82.2,80.972161634,160219,0.0000,1.0
2017-11-13,85.1,85.6,81.9,81.9,80.676642796,131330,0.0000,1.0
2017-11-10,82.6,86.1,82.6,85.2,83.9273500149,246563,0.0000,1.0
2017-11-09,82.85,83.8,81.95,82.6,81.3661867515,159753,0.0000,1.0
2017-11-08,82.85,84.1,82.3,82.925,81.6863321594,296162,0.0000,1.0
2017-11-07,83.15,84.05,80.8,83.15,81.907971288,137728,0.0000,1.0
2017-11-06,82.05,84.3,81.55,83.25,82.0064775673,149153,0.0000,1.0
2017-11-03,82.2,82.65,80.25,81.9,80.676642796,332122,0.0000,1.0
2017-11-02,82.25,83.45,81.0,82.3,81.0706679134,185657,0.0000,1.0
2017-11-01,81.6,83.45,80.3,82.95,81.7109587292,216294,0.0000,1.0
2017-10-31,85.45,85.9,79.8,81.45,80.2333645388,432149,0.0000,1.0
2017-10-30,80.45,86.95,80.45,85.45,84.1736157133,858332,0.0000,1.0
2017-10-27,65.65,66.45,65.15,65.5,64.5216129809,147099,0.0000,1.0
2017-10-26,66.45,66.5,65.4,65.5,64.5216129809,80147,0.0000,1.0
2017-10-25,67.35,67.95,66.05,66.15,65.1619037967,97259,0.0000,1.0
2017-10-24,67.65,68.65,67.3,67.4,66.3932322887,52781,0.0000,1.0
2017-10-23,68.2,68.65,67.4,67.55,66.5409917078,34123,0.0000,1.0
2017-10-20,69.25,69.25,67.7,68.25,67.2305356633,33095,0.0000,1.0
2017-10-19,68.8,69.2,67.55,68.65,67.6245607807,30453,0.0000,1.0
2017-10-18,68.3,69.1,67.7,68.65,67.6245607807,35631,0.0000,1.0
2017-10-17,69.2,69.5,67.7,68.0,66.9842699649,44440,0.0000,1.0
2017-10-16,68.75,69.8,68.65,69.4,68.3633578759,27707,0.0000,1.0
2017-10-13,67.75,69.25,67.75,68.7,67.6738139204,40597,0.0000,1.0
2017-10-12,68.4,68.8,67.35,67.45,66.4424854284,47376,0.0000,1.0
2017-10-11,69.1,69.4,68.45,68.75,67.7230670601,58350,0.0000,1.0
2017-10-10,69.0,69.7,68.2,69.05,68.0185858982,56331,0.0000,1.0
2017-10-09,70.1,70.25,68.7,68.9,67.8708264791,53727,0.0000,1.0
2017-10-06,69.85,70.8,69.4,70.1,69.0529018315,85312,0.0000,1.0
2017-10-05,70.2,71.25,69.85,70.05,69.0036486918,30149,0.0000,1.0
2017-10-04,71.25,71.75,69.8,69.85,68.8066361331,41694,0.0000,1.0
2017-10-03,71.85,71.85,70.85,71.3,70.2349771838,40005,0.0000,1.0
2017-10-02,70.15,71.75,70.15,71.65,70.5797491615,36929,0.0000,1.0
2017-09-29,70.5,71.475,69.8,70.15,69.1021549711,42527,0.0000,1.0
2017-09-28,70.2,70.9,70.1,70.65,69.5946863679,23592,0.0000,1.0
2017-09-27,68.8,71.6,68.05,70.75,69.6931926473,60304,0.0000,1.0
2017-09-26,67.55,68.95,67.2,68.65,67.6245607807,32522,0.0000,1.0
2017-09-25,67.45,67.7,66.875,67.55,66.5409917078,30585,0.0000,1.0
2017-09-22,67.0,68.15,67.0,67.35,66.3439791491,23639,0.0000,1.0
2017-09-21,67.95,68.05,66.85,66.95,65.9499540316,28731,0.0000,1.0
2017-09-20,67.15,68.35,67.15,68.0,66.9842699649,38330,0.0000,1.0
2017-09-19,68.15,68.15,66.3,67.4,66.3932322887,51035,0.0000,1.0
2017-09-18,67.7,68.7,67.7,68.3,67.279788803,36834,0.0000,1.0
2017-09-15,67.95,68.45,67.65,68.2,67.1812825236,75277,0.0000,1.0
2017-09-14,67.8,68.15,67.275,67.9,66.8857636855,35663,0.0000,1.0
2017-09-13,67.3,68.375,67.05,67.8,66.7872574062,57313,0.0000,1.0
2017-09-12,66.2,67.4,66.0,67.35,66.3439791491,58589,0.0000,1.0
2017-09-11,66.2,67.5,65.8,65.95,64.964891238,62432,0.0000,1.0
2017-09-08,66.4,68.725,65.65,65.9,64.9156380983,30740,0.0000,1.0
2017-09-07,66.05,66.45,65.4,66.35,65.3589163555,38926,0.0000,1.0
2017-09-06,66.65,67.2,65.7,66.25,65.2604100761,38937,0.0000,1.0
2017-09-05,66.9,67.45,65.95,66.45,65.4574226348,39924,0.0000,1.0
2017-09-01,66.55,67.4,66.5,66.85,65.8514477523,25704,0.0000,1.0
2017-08-31,66.55,67.8,66.5,67.35,66.3439791491,34349,0.0000,1.0
2017-08-30,67.0,67.0,66.0,66.15,65.1619037967,50862,0.0000,1.0
2017-08-29,66.4,67.05,66.3,66.75,65.7529414729,45277,0.0000,1.0
2017-08-28,66.15,66.9,65.825,66.55,65.5559289142,58082,0.0000,1.0
2017-08-25,65.95,66.6,65.9,66.4,65.4081694951,36879,0.0000,1.0
2017-08-24,66.35,67.1,65.7,65.8,64.817131819,38050,0.0000,1.0
2017-08-23,66.85,67.15,66.55,66.6,65.6051820539,37788,0.4100,1.0
2017-08-22,66.9,68.25,66.9,67.85,66.4275720393,38306,0.0000,1.0
2017-08-21,67.0,67.35,66.175,67.15,65.7422470514,44478,0.0000,1.0
2017-08-18,66.1,67.9,65.4,67.0,65.5953916969,49535,0.0000,1.0
2017-08-17,67.05,68.35,66.4,66.4,65.0079702787,42618,0.0000,1.0
2017-08-16,67.45,68.45,67.05,67.35,65.9380541908,57293,0.0000,1.0
2017-08-15,67.7,67.825,67.15,67.45,66.0359577605,48669,0.0000,1.0
2017-08-14,67.5,69.025,67.25,67.65,66.2317648999,49906,0.0000,1.0
2017-08-11,67.15,68.225,66.6,66.95,65.546439912,40370,0.0000,1.0
2017-08-10,67.2,67.7,66.95,66.95,65.546439912,36243,0.0000,1.0
2017-08-09,67.9,68.35,67.1,67.7,66.2807166848,52279,0.0000,1.0
2017-08-08,69.3,70.05,67.7362,68.4,66.9660416726,52068,0.0000,1.0
2017-08-07,69.6,70.4,68.85,69.1,67.6513666605,44539,0.0000,1.0
2017-08-04,68.4,69.8,68.4,69.65,68.1898362939,49815,0.0000,1.0
2017-08-03,67.55,68.75,67.55,68.1,66.6723309636,63795,0.0000,1.0
2017-08-02,67.95,69.1,67.125,67.45,66.0359577605,72936,0.0000,1.0
2017-08-01,69.05,69.375,67.0,67.6,66.1828131151,139798,0.0000,1.0
2017-07-31,70.35,70.35,68.5,68.7,67.2597523817,62911,0.0000,1.0
2017-07-28,69.85,70.7,69.475,70.1,68.6304023575,102190,0.0000,1.0
2017-07-27,74.05,74.05,69.675,70.15,68.6793541423,164669,0.0000,1.0
2017-07-26,80.25,80.25,72.75,73.95,72.3996897908,242904,0.0000,1.0
2017-07-25,85.0,85.0,78.0,80.8,79.1060843151,224639,0.0000,1.0
2017-07-24,87.9,88.7,86.25,88.05,86.2040931181,55209,0.0000,1.0
2017-07-21,88.55,89.2,87.7,87.95,86.1061895484,36837,0.0000,1.0
2017-07-20,88.15,88.45,86.65,88.05,86.2040931181,30536,0.0000,1.0
2017-07-19,88.55,89.025,87.45,88.4,86.546755612,48849,0.0000,1.0
2017-07-18,87.1,88.95,86.6,88.6,86.7425627514,58378,0.0000,1.0
2017-07-17,86.1,88.15,85.325,87.15,85.3229609908,69825,0.0000,1.0
2017-07-14,86.0,87.0,85.85,86.5,84.6865877878,51926,0.0000,1.0
2017-07-13,85.65,87.1,84.85,86.45,84.6376360029,64828,0.0000,1.0
2017-07-12,85.5,87.65,84.85,85.7,83.9033592302,52791,0.0000,1.0
2017-07-11,83.7,85.3,80.825,85.1,83.315937812,59616,0.0000,1.0
2017-07-10,85.0,85.3,81.55,83.5,81.7494806969,33645,0.0000,1.0
2017-07-07,84.2,85.3,83.75,85.05,83.2669860272,35922,0.0000,1.0
2017-07-06,84.8,84.95,83.15,83.7,81.9452878363,42360,0.0000,1.0
2017-07-05,86.05,86.15,84.3,84.9,83.1201306726,33138,0.0000,1.0
2017-07-03,85.75,86.45,85.5,86.1,84.294973509,18654,0.0000,1.0
2017-06-30,85.55,86.15,84.9,85.6,83.8054556605,35086,0.0000,1.0
2017-06-29,87.0,87.175,85.15,85.45,83.658600306,54565,0.0000,1.0
2017-06-28,86.0,87.425,85.3,86.95,85.1271538514,35924,0.0000,1.0
2017-06-27,85.85,86.05,85.0,85.4,83.6096485211,32510,0.0000,1.0
2017-06-26,86.4,86.5,85.625,85.85,84.0502145847,31265,0.0000,1.0
2017-06-23,86.5,87.31,85.85,85.9,84.0991663696,54918,0.0000,1.0
2017-06-22,86.25,87.1,85.55,86.5,84.6865877878,26244,0.0000,1.0
2017-06-21,86.9,87.2,86.1,86.2,84.3928770787,30317,0.0000,1.0
2017-06-20,88.3,88.7,86.55,86.85,85.0292502817,30519,0.0000,1.0
2017-06-19,90.3,90.4,87.75,88.05,86.2040931181,61401,0.0000,1.0
2017-06-16,87.25,90.15,86.6,89.75,87.8684538029,132232,0.0000,1.0
2017-06-15,87.35,88.45,86.9,87.75,85.910382409,49335,0.0000,1.0
2017-06-14,87.6,88.85,87.4,88.25,86.3999002575,54236,0.0000,1.0
2017-06-13,88.45,88.7,87.2,87.55,85.7145752696,34159,0.0000,1.0
2017-06-12,87.45,89.55,86.8,88.25,86.3999002575,35477,0.0000,1.0
2017-06-09,86.45,88.0,84.95,87.5,85.6656234847,64143,0.0000,1.0
2017-06-08,87.1,87.35,85.55,86.3,84.4907806484,33764,0.0000,1.0
2017-06-07,86.65,87.0,85.65,86.5,84.6865877878,32493,0.0000,1.0
2017-06-06,86.3,87.2,84.7,86.5,84.6865877878,49645,0.0000,1.0
2017-06-05,88.25,88.25,86.45,86.75,84.931346712,36979,0.0000,1.0
2017-06-02,88.1,90.55,87.9,88.3,86.4488520423,41876,0.0000,1.0
2017-06-01,86.65,88.25,86.1,88.075,86.2285690105,45104,0.0000,1.0
2017-05-31,86.75,86.75,86.0,86.55,84.7355395726,39890,0.0000,1.0
2017-05-30,87.8,88.45,85.95,86.3,84.4907806484,56840,0.0000,1.0
2017-05-26,86.9,88.3,84.9,87.9,86.0572377635,51206,0.0000,1.0
2017-05-25,87.35,88.0,86.05,87.1,85.274009206,47276,0.0000,1.0
2017-05-24,87.95,88.4,86.45,87.15,85.3229609908,46820,0.0000,1.0
2017-05-23,87.0,88.0,86.0,87.75,85.910382409,52987,0.0000,1.0
2017-05-22,87.9,88.05,83.65,86.8,84.9802984969,53333,0.4100,1.0
2017-05-19,87.65,89.45,87.25,88.1,85.8475438318,91397,0.0000,1.0
2017-05-18,88.65,89.2,86.725,87.45,85.2141624074,68829,0.0000,1.0
2017-05-17,90.95,92.0,88.9,89.05,86.7732551444,92933,0.0000,1.0
2017-05-16,94.05,94.5,91.65,92.45,90.0863272106,79767,0.0000,1.0
2017-05-15,94.35,94.925,93.45,93.7,91.3043684114,52418,0.0000,1.0
2017-05-12,95.75,96.4,94.05,94.25,91.8403065397,49222,0.0000,1.0
2017-05-11,95.35,96.95,94.65,96.1,93.6430075169,51561,0.0000,1.0
2017-05-10,95.3,96.1,94.5,95.95,93.4968425728,39939,0.0000,1.0
2017-05-09,94.1,96.4,94.1,95.35,92.9121827964,84382,0.0000,1.0
2017-05-08,94.3,95.1,93.65,94.45,92.0351931319,57243,0.0000,1.0
2017-05-05,94.2,94.525,92.55,94.4,91.9864714838,60718,0.0000,1.0
2017-05-04,95.2,95.3,93.4,94.05,91.6454199476,54145,0.0000,1.0
2017-05-03,94.65,95.25,93.25,94.95,92.5224096122,66006,0.0000,1.0
2017-05-02,95.55,96.24,94.65,94.9,92.4736879641,58858,0.0000,1.0
2017-05-01,95.65,95.95,94.35,95.5,93.0583477405,76776,0.0000,1.0
2017-04-28,96.25,97.5087,94.8,95.3,92.8634611484,81623,0.0000,1.0
2017-04-27,96.2,97.25,95.65,96.05,93.5942858689,129498,0.0000,1.0
2017-04-26,97.55,97.55,95.9,97.0,94.5199971815,119606,0.0000,1.0
2017-04-25,88.1,99.25,82.21,98.05,95.5431517901,266412,0.0000,1.0
2017-04-24,90.6,92.25,89.75,91.75,89.4042241381,139597,0.0000,1.0
2017-04-21,89.1,89.65,88.45,89.35,87.0655850326,48481,0.0000,1.0
2017-04-20,88.4,89.6,88.2,89.35,87.0655850326,44562,0.0000,1.0
2017-04-19,87.0,88.1,87.0,87.8,85.5552139436,40363,0.0000,1.0
2017-04-18,86.0,86.8,85.75,86.75,84.532059335,30887,0.0000,1.0
2017-04-17,85.35,86.5,85.35,86.25,84.0448428547,41046,0.0000,1.0
2017-04-13,85.55,86.3461,84.6,84.85,82.6806367098,30180,0.0000,1.0
2017-04-12,86.7,86.7,85.3,85.5,83.3140181342,38057,0.0000,1.0
2017-04-11,84.75,86.4,84.05,86.2,83.9961212066,38976,0.0000,1.0
2017-04-10,84.65,85.55,83.5,84.5,82.3395851736,44324,0.0000,1.0
2017-04-07,83.85,85.0,83.85,84.75,82.5831934137,89090,0.0000,1.0
2017-04-06,83.4,84.5,83.05,84.05,81.9010903413,53916,0.0000,1.0
2017-04-05,85.0,85.6,82.75,83.325,81.1946264448,92972,0.0000,1.0
2017-04-04,82.95,84.8,82.85,84.7,82.5344717657,48854,0.0000,1.0
2017-04-03,85.25,85.25,82.5,83.0,80.8779357326,72645,0.0000,1.0
2017-03-31,85.4,85.85,84.75,85.025,82.8511624779,90796,0.0000,1.0
2017-03-30,83.35,85.6,83.0,85.5,83.3140181342,62371,0.0000,1.0
2017-03-29,82.8,83.35,82.35,83.1,80.9753790287,48653,0.0000,1.0
2017-03-28,82.8,83.25,82.05,82.7,80.5856058444,59090,0.0000,1.0
2017-03-27,81.55,83.2,81.0,83.0,80.8779357326,39769,0.0000,1.0
2017-03-24,82.55,82.75,81.25,82.2,80.0983893641,53621,0.0000,1.0
2017-03-23,82.35,83.1,81.5,82.3,80.1958326602,47257,0.0000,1.0
2017-03-22,80.2,82.5,80.15,82.3,80.1958326602,85865,0.0000,1.0
2017-03-21,82.4,83.0684,79.3,80.55,78.490574979,98058,0.0000,1.0
2017-03-20,82.05,82.3,80.95,82.0,79.903502772,60832,0.0000,1.0
2017-03-17,80.45,82.55,80.3,82.25,80.1471110121,142877,0.0000,1.0
2017-03-16,80.65,81.45,80.25,80.6,78.5392966271,38451,0.0000,1.0
2017-03-15,78.4,80.825,78.3,80.2,78.1495234428,52613,0.0000,1.0
2017-03-14,77.85,78.8,77.3,78.2,76.2006575216,32687,0.0000,1.0
2017-03-13,77.65,78.75,77.65,78.5,76.4929874097,37519,0.0000,1.0
2017-03-10,76.6,77.95,76.175,77.8,75.8108843373,38514,0.0000,1.0
2017-03-09,76.8,77.375,76.1,76.4,74.4466781924,57913,0.0000,1.0
2017-03-08,77.45,77.45,76.25,76.65,74.6902864326,42716,0.4100,1.0
2017-03-07,76.65,78.2,76.6,77.3,74.9229060633,48707,0.0000,1.0
2017-03-06,76.55,77.3,76.2,76.7,74.3413569865,50636,0.0000,1.0
2017-03-03,76.65,77.3,76.05,76.95,74.5836691018,48696,0.0000,1.0
2017-03-02,77.15,77.15,76.4,76.65,74.2928945634,35151,0.0000,1.0
2017-03-01,77.1,77.65,76.45,77.1,74.729056371,57315,0.0000,1.0
2017-02-28,77.65,77.65,75.65,76.1,73.7598079097,99801,0.0000,1.0
2017-02-27,75.95,77.05,75.9,76.7,74.3413569865,49774,0.0000,1.0
2017-02-24,75.5,76.775,75.5,75.8,73.4690333713,35380,0.0000,1.0
2017-02-23,76.0,77.55,75.65,75.65,73.3236461021,51402,0.0000,1.0
2017-02-22,76.9,76.95,76.3,76.75,74.3898194096,32021,0.0000,1.0
2017-02-21,77.8,77.9,76.1,77.0,74.6321315249,60694,0.0000,1.0
2017-02-17,76.5,78.45,74.9849,77.7,75.3106054478,68151,0.0000,1.0
2017-02-16,77.4,77.6667,75.8,76.6,74.2444321404,78702,0.0000,1.0
2017-02-15,76.3,78.05,75.55,77.25,74.8744436402,131687,0.0000,1.0
2017-02-14,81.1,81.75,73.55,74.15,71.86977341,176137,0.0000,1.0
2017-02-13,83.05,83.95,82.7,83.65,81.077633793,74858,0.0000,1.0
2017-02-10,82.8,83.0,81.8,82.85,80.3022350239,36755,0.0000,1.0
2017-02-09,81.1,83.15,80.1,82.5,79.9629980624,35749,0.0000,1.0
2017-02-08,83.05,83.05,80.65,81.2,78.7029750626,57861,0.0000,1.0
2017-02-07,83.95,84.4,82.8,83.35,80.7868592545,30054,0.0000,1.0
2017-02-06,85.2,85.375,83.65,83.8,81.2230210622,35153,0.0000,1.0
2017-02-03,85.05,85.45,84.1861,85.35,82.7253561773,43484,0.0000,1.0
2017-02-02,85.0,85.5,84.5366,85.15,82.531506485,46900,0.0000,1.0
2017-02-01,85.7,86.95,84.25,85.0,82.3861192158,46953,0.0000,1.0
2017-01-31,85.25,86.1428,84.65,85.5,82.8707434465,37639,0.0000,1.0
2017-01-30,84.7,86.0,84.0,85.75,83.1130555618,50118,0.0000,1.0
2017-01-27,85.7,86.3,85.0,85.4,82.7738186003,21951,0.0000,1.0
2017-01-26,85.25,86.2,84.85,85.8,83.1615179849,34460,0.0000,1.0
2017-01-25,86.95,87.65,85.35,85.35,82.7253561773,48793,0.0000,1.0
2017-01-24,85.05,86.55,85.05,86.35,83.6946046386,43165,0.0000,1.0
2017-01-23,85.7,86.1,84.15,84.95,82.3376567927,38914,0.0000,1.0
2017-01-20,85.0,87.35,85.0,85.8,83.1615179849,66611,0.0000,1.0
2017-01-19,86.7,86.7,84.45,84.45,81.853032562,51277,0.0000,1.0
2017-01-18,84.9,87.05,84.9,87.0,84.3246161385,49118,0.0000,1.0
2017-01-17,87.25,87.25,84.5,85.25,82.6284313311,62925,0.0000,1.0
2017-01-13,85.85,87.7,85.15,86.85,84.1792288693,48312,0.0000,1.0
2017-01-12,88.65,88.65,85.3,85.45,82.8222810234,69334,0.0000,1.0
2017-01-11,87.6,88.85,87.1,88.85,86.117725792,64156,0.0000,1.0
2017-01-10,86.05,88.0,86.05,87.85,85.1484773307,48848,0.0000,1.0
2017-01-09,85.65,86.1,84.7,85.75,83.1130555618,60038,0.0000,1.0
2017-01-06,86.15,86.3,84.2,86.0,83.3553676772,88983,0.0000,1.0
2017-01-05,87.55,88.15,85.95,86.25,83.5976797925,50817,0.0000,1.0
2017-01-04,87.0,89.1,87.0,87.8,85.1000149076,104905,0.0000,1.0
2017-01-03,88.1,89.6092,86.4,86.8,84.1307664462,66322,0.0000,1.0
2016-12-30,88.1,88.65,86.65,87.8,85.1000149076,73836,0.0000,1.0
2016-12-29,88.4,88.9,87.45,88.1,85.390789446,40524,0.0000,1.0
2016-12-28,89.65,89.65,87.9,88.4,85.6815639844,53988,0.0000,1.0
2016-12-27,88.65,90.075,88.45,89.1,86.3600379074,42242,0.0000,1.0
2016-12-23,88.2,89.3,88.05,88.35,85.6331015614,20463,0.0000,1.0
2016-12-22,88.5,89.7,88.25,88.35,85.6331015614,35050,0.0000,1.0
2016-12-21,89.2,90.4,87.68,89.1,86.3600379074,44527,0.0000,1.0
2016-12-20,89.75,90.15,88.85,89.5,86.7477372919,56453,0.4100,1.0
2016-12-19,88.1,89.8,87.6,89.5,86.3521575757,69261,0.0000,1.0
2016-12-16,88.1,88.85,87.625,88.05,84.9531561401,415810,0.0000,1.0
2016-12-15,86.45,88.5,85.85,88.1,85.0013975689,106384,0.0000,1.0
2016-12-14,87.75,87.75,86.25,86.5,83.4576718469,77312,0.0000,1.0
2016-12-13,88.0,88.9,86.8,87.6,84.5189832808,81845,0.0000,1.0
2016-12-12,89.9,89.95,87.0,87.6,84.5189832808,77220,0.0000,1.0
2016-12-09,88.2,89.95,88.2,89.9,86.7380890062,87264,0.0000,1.0
2016-12-08,88.6,90.15,87.525,87.8,84.711948996,129227,0.0000,1.0
2016-12-07,88.95,89.8,87.08,88.9,85.7732604299,93975,0.0000,1.0
2016-12-06,87.45,89.35,87.15,89.15,86.014467574,65331,0.0000,1.0
2016-12-05,87.1,88.05,87.1,87.75,84.6637075672,79519,0.0000,1.0
2016-12-02,87.8,87.8,86.25,86.75,83.6988789909,37913,0.0000,1.0
2016-12-01,87.1,88.05,86.225,88.05,84.9531561401,83425,0.0000,1.0
2016-11-30,87.45,88.5,86.2,87.25,84.1812932791,89243,0.0000,1.0
2016-11-29,86.2,87.75,86.2,87.25,84.1812932791,98034,0.0000,1.0
2016-11-28,87.9,87.95,85.4,85.9,82.8787747011,84185,0.0000,1.0
2016-11-25,85.45,88.65,85.4,88.55,85.4355704282,61019,0.0000,1.0
2016-11-23,86.85,86.9,85.6,85.6,82.5893261282,67880,0.0000,1.0
2016-11-22,84.6,87.2,84.1,87.1,84.0365689926,101591,0.0000,1.0
2016-11-21,85.65,85.8,84.2,84.65,81.6727389808,80775,0.0000,1.0
2016-11-18,84.15,87.1,83.4,85.8,82.7822918435,154287,0.0000,1.0
2016-11-17,86.85,87.4,85.25,85.35,82.3481189842,111374,0.0000,1.0
2016-11-16,83.65,87.0,83.65,86.8,83.7471204197,136481,0.0000,1.0
2016-11-15,83.2,84.3,82.6,83.95,80.9973589774,84406,0.0000,1.0
2016-11-14,83.1,84.85,81.875,82.8,79.8878061147,138517,0.0000,1.0
2016-11-11,81.7,84.5,81.1,83.05,80.1290132588,163951,0.0000,1.0
2016-11-10,79.7,82.0,78.25,81.35,78.4888046791,158141,0.0000,1.0
2016-11-09,73.2,79.65,73.2,78.95,76.1732160961,250228,0.0000,1.0
2016-11-08,75.5,75.9,73.95,74.2,71.5902803588,98734,0.0000,1.0
2016-11-07,75.85,76.5,75.55,75.8,73.1340060808,113999,0.0000,1.0
2016-11-04,76.65,76.7,75.3,75.5,72.844557508,84920,0.0000,1.0
2016-11-03,75.15,77.7,75.15,76.85,74.1470760859,154266,0.0000,1.0
2016-11-02,73.6,75.7,73.5,75.25,72.6033503639,155969,0.0000,1.0
2016-11-01,73.05,74.4,72.95,73.85,71.2525903571,152416,0.0000,1.0
2016-10-31,71.35,73.25,70.85,73.1,70.5289689249,153166,0.0000,1.0
2016-10-28,72.91,73.53,70.34,70.51,68.0300629124,206762,0.0000,1.0
2016-10-27,70.79,74.22,70.54,73.74,71.1464592137,310099,0.0000,1.0
2016-10-26,68.17,71.17,67.12,70.84,68.3484563426,315469,0.0000,1.0
2016-10-25,62.13,67.9,62.1299,67.78,65.3960808992,196126,0.0000,1.0
2016-10-24,60.16,60.76,59.98,60.46,58.3335357209,39266,0.0000,1.0
2016-10-21,59.4,60.35,59.4,59.71,57.6099142887,42586,0.0000,1.0
2016-10-20,59.61,60.66,59.195,59.71,57.6099142887,38383,0.0000,1.0
2016-10-19,58.77,60.09,58.51,59.82,57.7160454321,45896,0.0000,1.0
2016-10-18,59.04,59.43,58.66,58.87,56.7994582847,51927,0.0000,1.0
2016-10-17,58.81,59.54,58.29,58.51,56.4521199972,29686,0.0000,1.0
2016-10-14,59.77,59.86,58.38,58.6,56.5389545691,41281,0.0000,1.0
2016-10-13,59.54,60.02,58.69,59.44,57.3494105732,40027,0.0000,1.0
2016-10-12,59.83,61.6,59.46,59.64,57.5423762884,80748,0.0000,1.0
2016-10-11,60.25,60.57,59.81,60.01,57.8993628616,55072,0.0000,1.0
2016-10-10,59.13,60.23,59.0,60.08,57.966900862,58801,0.0000,1.0
2016-10-07,59.28,59.49,58.6,58.75,56.6836788555,43640,0.0000,1.0
2016-10-06,58.64,59.9399,58.2,59.17,57.0889068576,89779,0.0000,1.0
2016-10-05,59.19,59.75,58.54,58.64,56.5775477121,74849,0.0000,1.0
2016-10-04,58.28,59.3,58.15,59.04,56.9634791426,68405,0.0000,1.0
2016-10-03,58.21,58.71,57.26,58.48,56.4231751399,57672,0.0000,1.0
2016-09-30,57.17,58.35,56.88,58.04,55.9986505664,56001,0.0000,1.0
2016-09-29,57.58,58.502,57.05,57.2,55.1881945623,47245,0.0000,1.0
2016-09-28,58.03,58.76,56.99,57.69,55.6609605647,60014,0.0000,1.0
2016-09-27,57.95,58.48,57.49,57.66,55.6320157074,51559,0.0000,1.0
2016-09-26,58.54,58.75,57.68,57.97,55.931112566,52406,0.0000,1.0
2016-09-23,59.26,59.26,58.041,58.59,56.5293062833,45805,0.0000,1.0
2016-09-22,57.71,59.69,57.71,59.63,57.5327280026,59676,0.0000,1.0
2016-09-21,57.79,58.24,56.99,57.7,55.6706088505,85413,0.0000,1.0
2016-09-20,58.31,58.74,57.55,57.65,55.6223674216,37416,0.0000,1.0
2016-09-19,58.73,60.005,58.01,58.11,56.0661885667,67168,0.0000,1.0
2016-09-16,59.48,59.48,58.105,58.92,56.8476997135,167704,0.0000,1.0
2016-09-15,57.74,59.38,57.54,59.35,57.2625760013,63513,0.0000,1.0
2016-09-14,58.02,58.485,57.2801,57.6,55.5741259928,51587,0.0000,1.0
2016-09-13,58.39,59.455,57.49,58.05,56.0082988521,59888,0.0000,1.0
2016-09-12,57.56,58.89,57.2,58.82,56.7512168559,44970,0.0000,1.0
2016-09-09,58.01,58.32,57.51,57.54,55.5162362782,50629,0.0000,1.0
2016-09-08,59.29,59.29,57.89,58.32,56.2688025677,105853,0.0000,1.0
2016-09-07,59.69,59.69,58.95,59.14,57.0599620003,112595,0.0000,1.0
2016-09-06,59.64,60.13,58.52,59.83,57.7256937179,62211,0.0000,1.0
2016-09-02,59.11,59.82,58.86,59.65,57.5520245742,39158,0.0000,1.0
2016-09-01,59.2,59.25,58.47,59.06,56.9827757142,47045,0.0000,1.0
2016-08-31,59.52,59.52,58.03,58.92,56.8476997135,78699,0.0000,1.0
2016-08-30,59.66,60.03,59.44,59.63,57.5327280026,28342,0.0000,1.0
2016-08-29,60.6,60.6,59.59,59.63,57.5327280026,49503,0.0000,1.0
2016-08-26,61.24,61.56,60.041,60.44,58.3142391494,42835,0.0000,1.0
2016-08-25,61.0,61.68,60.705,61.18,59.0282122959,56641,0.0000,1.0
2016-08-24,61.64,62.31,60.76,61.13,58.979970867,32813,0.3900,1.0
2016-08-23,62.61,62.61,61.53,62.02,59.4593269372,69424,0.0000,1.0
2016-08-22,62.17,62.45,61.19,62.24,59.670243608,104059,0.0000,1.0
2016-08-19,59.68,62.71,59.68,62.15,59.5839595154,115252,0.0000,1.0
2016-08-18,58.78,59.93,58.78,59.92,57.4460314427,65278,0.0000,1.0
2016-08-17,59.51,59.95,58.56,58.84,56.4106223312,62467,0.0000,1.0
2016-08-16,59.93,60.87,59.03,59.31,56.8612170371,40267,0.0000,1.0
2016-08-15,59.14,59.87,59.14,59.84,57.3693344714,44091,0.0000,1.0
2016-08-12,59.28,59.36,58.9,59.32,56.8708041585,75562,0.0000,1.0
2016-08-11,59.14,59.5,58.84,59.35,56.8995655227,48339,0.0000,1.0
2016-08-10,59.77,59.77,58.92,59.13,56.6886488519,57390,0.0000,1.0
2016-08-09,60.11,60.11,59.43,59.57,57.1104821936,91959,0.0000,1.0
2016-08-08,60.0,60.73,59.4,59.9,57.4268571999,43660,0.0000,1.0
2016-08-05,59.37,60.25,59.31,60.02,57.5419026567,97553,0.0000,1.0
2016-08-04,59.27,59.4,58.75,59.3,56.8516299157,57393,0.0000,1.0
2016-08-03,59.5,60.435,59.04,59.24,56.7941071873,82181,0.0000,1.0
2016-08-02,59.75,61.31,59.41,59.9,57.4268571999,64439,0.0000,1.0
2016-08-01,59.82,60.3,59.0495,59.95,57.4747928069,64527,0.0000,1.0
2016-07-29,59.17,60.02,58.78,59.87,57.3980958357,90406,0.0000,1.0
2016-07-28,60.24,60.45,59.2,59.37,56.9187397655,76098,0.0000,1.0
2016-07-27,60.49,60.49,58.57,59.94,57.4652056855,116761,0.0000,1.0
2016-07-26,56.11,63.01,56.11,60.59,58.0883685766,446754,0.0000,1.0
2016-07-25,56.5,56.84,56.02,56.02,53.7070540958,68941,0.0000,1.0
2016-07-22,57.36,57.57,56.64,56.73,54.3877397153,51309,0.0000,1.0
2016-07-21,56.87,57.61,56.83,57.2,54.8383344212,81920,0.0000,1.0
2016-07-20,56.43,57.37,56.15,56.86,54.5123722936,56853,0.0000,1.0
2016-07-19,56.24,56.805,56.23,56.47,54.1384745589,62915,0.0000,1.0
2016-07-18,56.58,56.93,55.98,56.53,54.1959972873,96388,0.0000,1.0
2016-07-15,56.8,56.85,55.91,56.43,54.1001260733,72671,0.0000,1.0
2016-07-14,56.6,57.18,53.28,56.5,54.1672359231,108568,0.0000,1.0
2016-07-13,56.15,56.87,55.69,56.45,54.1193003161,102187,0.0000,1.0
2016-07-12,55.0,56.61,54.82,56.16,53.8412737954,185195,0.0000,1.0
2016-07-11,53.7,54.98,53.06,54.89,52.6237093773,113994,0.0000,1.0
2016-07-08,52.93,53.57,52.87,53.49,51.281512381,80169,0.0000,1.0
2016-07-07,52.64,53.14,52.18,52.7,50.5241297902,68385,0.0000,1.0
2016-07-06,52.12,52.89,51.5,52.62,50.447432819,89271,0.0000,1.0
2016-07-05,53.02,53.23,51.6,52.16,50.0064252345,104431,0.0000,1.0
2016-07-01,52.53,53.32,52.26,53.15,50.9555502533,93401,0.0000,1.0
2016-06-30,51.43,52.64,51.02,52.64,50.4666070618,99034,0.0000,1.0
2016-06-29,51.27,51.5,50.77,51.11,48.9997774872,63451,0.0000,1.0
2016-06-28,51.09,51.34,50.52,50.89,48.7888608164,83531,0.0000,1.0
2016-06-27,50.78,51.74,50.49,50.77,48.6738153595,88443,0.0000,1.0
2016-06-24,49.77,51.35,48.8,51.15,49.0381259728,183958,0.0000,1.0
2016-06-23,51.53,52.265,51.01,51.81,49.6708759854,48946,0.0000,1.0
2016-06-22,51.6,51.73,51.04,51.12,49.0093646086,57386,0.0000,1.0
2016-06-21,52.23,52.45,51.25,51.7,49.56541765,98688,0.0000,1.0
2016-06-20,52.13,52.76,51.115,52.12,49.9680767489,69240,0.0000,1.0
2016-06-17,52.13,52.73,51.56,51.78,49.6421146212,118068,0.0000,1.0
2016-06-16,52.04,52.37,51.34,51.99,49.8434441706,56126,0.0000,1.0
2016-06-15,52.51,52.71,51.87,52.16,50.0064252345,50382,0.0000,1.0
2016-06-14,52.19,53.21,52.15,52.48,50.3132131193,81513,0.0000,1.0
2016-06-13,51.87,52.56,51.42,52.34,50.1789934197,92111,0.0000,1.0
2016-06-10,52.23,52.64,51.88,52.03,49.8817926562,35389,0.0000,1.0
2016-06-09,52.55,53.1,52.14,52.56,50.3899100906,86442,0.0000,1.0
2016-06-08,52.73,52.93,52.08,52.59,50.4186714548,73153,0.0000,1.0
2016-06-07,52.36,53.08,51.77,52.61,50.4378456976,77315,0.0000,1.0
2016-06-06,52.24,53.08,52.24,52.55,50.3803229692,82558,0.0000,1.0
2016-06-03,52.42,52.7,52.01,52.31,50.1502320555,62611,0.0000,1.0
2016-06-02,52.34,52.52,51.81,52.46,50.2940388765,141986,0.0000,1.0
2016-06-01,52.15,52.75,52.04,52.55,50.3803229692,92709,0.0000,1.0
2016-05-31,52.62,52.815,51.79,52.47,50.3036259979,125762,0.0000,1.0
2016-05-27,52.26,53.45,51.93,52.31,50.1502320555,72630,0.0000,1.0
2016-05-26,52.0,52.45,51.81,52.09,49.9393153847,89980,0.0000,1.0
2016-05-25,53.2,53.2,51.65,51.92,49.7763343208,96665,0.0000,1.0
2016-05-24,52.0,53.16,51.8801,52.96,50.7733949467,69237,0.0000,1.0
2016-05-23,51.41,52.1,51.41,51.77,49.6325274998,67694,0.3900,1.0
2016-05-20,51.77,52.5,51.6,51.83,49.3185180275,55186,0.0000,1.0
2016-05-19,51.28,52.45,51.01,51.56,49.0616011865,64710,0.0000,1.0
2016-05-18,52.05,52.42,51.41,51.71,49.2043327648,57471,0.0000,1.0
2016-05-17,50.99,52.94,50.99,52.1,49.5754348685,111510,0.0000,1.0
2016-05-16,51.43,52.31,51.08,51.33,48.8427460998,164508,0.0000,1.0
2016-05-13,51.98,52.71,50.79,51.32,48.8332306612,118808,0.0000,1.0
2016-05-12,52.38,53.07,51.82,52.05,49.5278576757,99034,0.0000,1.0
2016-05-11,53.27,53.39,52.33,52.41,49.8704134636,92478,0.0000,1.0
2016-05-10,53.39,53.74,52.63,53.17,50.5935867938,155565,0.0000,1.0
2016-05-09,53.48,54.86,53.16,53.22,50.6411639865,135001,0.0000,1.0
2016-05-06,53.26,53.75,52.93,53.35,50.7648646878,143475,0.0000,1.0
2016-05-05,54.16,54.29,53.26,53.27,50.6887411793,81573,0.0000,1.0
2016-05-04,54.25,54.5,53.39,53.92,51.3072446854,75786,0.0000,1.0
2016-05-03,54.33,56.11,53.79,54.24,51.6117387191,88023,0.0000,1.0
2016-05-02,55.8,55.97,53.14,54.58,51.9352636299,102957,0.0000,1.0
2016-04-29,55.37,56.13,55.14,55.31,52.6298906444,82359,0.0000,1.0
2016-04-28,55.08,57.42,54.58,55.66,52.9629309938,180096,0.0000,1.0
2016-04-27,54.46,55.65,54.33,55.49,52.8011685384,142325,0.0000,1.0
2016-04-26,52.99,56.3899,51.81,54.95,52.2873348565,392828,0.0000,1.0
2016-04-25,52.26,52.66,51.26,51.96,49.4422187287,101060,0.0000,1.0
2016-04-22,51.61,52.64,51.6,52.48,49.9370215335,70062,0.0000,1.0
2016-04-21,50.86,51.84,50.83,51.74,49.2328790805,71575,0.0000,1.0
2016-04-20,51.19,51.53,50.88,51.06,48.5858292588,60607,0.0000,1.0
2016-04-19,50.71,51.42,50.41,51.4,48.9093541696,83576,0.0000,1.0
2016-04-18,50.54,51.3499,50.34,50.76,48.3003661022,101528,0.0000,1.0
2016-04-15,50.42,50.93,50.0,50.77,48.3098815407,112222,0.0000,1.0
2016-04-14,50.5,50.59,49.6101,50.53,48.0815110154,73042,0.0000,1.0
2016-04-13,49.91,50.63,49.82,50.5,48.0529646997,166199,0.0000,1.0
2016-04-12,49.82,50.01,49.4,49.73,47.3202759311,145052,0.0000,1.0
2016-04-11,50.08,50.28,49.6,49.79,47.3773685624,107489,0.0000,1.0
2016-04-08,50.18,50.63,49.86,50.19,47.7579861046,79497,0.0000,1.0
2016-04-07,50.67,50.9,49.95,50.14,47.7104089118,129806,0.0000,1.0
2016-04-06,51.15,51.19,50.4301,50.89,48.4240668034,74997,0.0000,1.0
2016-04-05,51.58,51.86,51.04,51.15,48.6714682058,120320,0.0000,1.0
2016-04-04,52.2,52.54,51.66,51.91,49.3946415359,134572,0.0000,1.0
2016-04-01,52.21,52.62,51.48,52.26,49.7276818853,57046,0.0000,1.0
2016-03-31,52.3,53.3,52.1,52.64,50.0892685504,52641,0.0000,1.0
2016-03-30,53.33,53.33,51.62,52.36,49.8228362709,80507,0.0000,1.0
2016-03-29,51.43,53.3,51.36,53.25,50.6697103022,169982,0.0000,1.0
2016-03-28,52.24,52.24,50.82,51.66,49.1567555721,57518,0.0000,1.0
2016-03-24,51.12,52.07,50.74,51.91,49.3946415359,48356,0.0000,1.0
2016-03-23,52.52,52.83,51.1158,51.48,48.9854776781,106969,0.0000,1.0
2016-03-22,52.16,53.02,51.7199,52.51,49.9655678492,90894,0.0000,1.0
2016-03-21,52.66,53.2,52.16,52.58,50.0321759191,81773,0.0000,1.0
2016-03-18,53.34,53.83,52.56,52.84,50.2795773215,235442,0.0000,1.0
2016-03-17,51.04,54.72,50.97,53.07,50.4984324082,147868,0.0000,1.0
2016-03-16,49.99,51.33,49.99,51.06,48.5858292588,75579,0.0000,1.0
2016-03-15,51.14,51.14,49.92,49.99,47.5676773335,94038,0.0000,1.0
2016-03-14,50.21,52.0,50.16,51.28,48.795168907,128186,0.0000,1.0
2016-03-11,51.19,51.225,50.39,50.52,48.0719955769,108102,0.0000,1.0
2016-03-10,51.11,52.51,49.9,50.67,48.2147271552,90272,0.0000,1.0
2016-03-09,50.56,51.59,49.945,51.34,48.8522615383,126519,0.0000,1.0
2016-03-08,50.15,50.67,49.7,50.58,48.1290882082,130304,0.3900,1.0
2016-03-07,48.53,50.7699,48.53,50.72,47.893022443,128418,0.0000,1.0
2016-03-04,48.83,49.31,48.33,48.71,45.9950536908,89421,0.0000,1.0
2016-03-03,47.68,48.87,47.68,48.82,46.0989226275,75962,0.0000,1.0
2016-03-02,46.98,47.9,46.86,47.7,45.0413479994,153712,0.0000,1.0
2016-03-01,46.69,47.18,46.12,47.15,44.522003316,150055,0.0000,1.0
2016-02-29,45.85,46.55,45.62,46.24,43.6627239307,115011,0.0000,1.0
2016-02-26,46.03,46.74,45.5,45.73,43.1811497697,94213,0.0000,1.0
2016-02-25,45.67,46.4,44.79,45.81,43.2566908145,65739,0.0000,1.0
2016-02-24,44.74,45.59,44.315,45.39,42.860100329,77892,0.0000,1.0
2016-02-23,45.41,46.13,45.07,45.31,42.7845592841,65540,0.0000,1.0
2016-02-22,45.24,46.12,44.8,45.46,42.9261987433,85400,0.0000,1.0
2016-02-19,43.81,45.915,43.81,45.09,42.5768214108,115350,0.0000,1.0
2016-02-18,43.79,44.24,43.25,43.83,41.3870499542,102201,0.0000,1.0
2016-02-17,44.56,44.82,43.39,43.63,41.198197342,140636,0.0000,1.0
2016-02-16,42.46,44.9375,41.255,44.25,41.7836404397,130746,0.0000,1.0
2016-02-12,44.11,44.455,41.22,42.07,39.7251469672,152576,0.0000,1.0
2016-02-11,44.25,45.5399,40.5,43.49,41.0660005135,136146,0.0000,1.0
2016-02-10,45.28,45.44,44.6,44.88,42.378526168,62998,0.0000,1.0
2016-02-09,46.79,46.79,45.01,45.02,42.5107229965,64850,0.0000,1.0
2016-02-08,45.26,47.53,44.89,46.83,44.2198391365,153831,0.0000,1.0
2016-02-05,45.03,46.33,44.39,45.23,42.7090182393,156068,0.0000,1.0
2016-02-04,46.46,47.42,44.79,45.41,42.8789855902,93325,0.0000,1.0
2016-02-03,43.66,46.87,43.66,46.41,43.823248651,179171,0.0000,1.0
2016-02-02,43.06,43.67,42.56,42.78,40.3955737404,50242,0.0000,1.0
2016-02-01,43.77,44.2,43.1,43.62,41.1887547114,87810,0.0000,1.0
2016-01-29,42.01,44.05,42.01,43.91,41.462590999,95365,0.0000,1.0
2016-01-28,42.06,42.7506,41.64,42.01,39.6684911836,58734,0.0000,1.0
2016-01-27,43.62,43.87,41.81,41.91,39.5740648775,82075,0.0000,1.0
2016-01-26,42.7,44.01,42.2501,43.66,41.2265252338,70841,0.0000,1.0
2016-01-25,43.2,43.36,42.39,42.44,40.0745242997,61869,0.0000,1.0
2016-01-22,42.87,43.44,42.76,43.33,40.9149184238,52522,0.0000,1.0
2016-01-21,42.23,43.04,41.74,42.27,39.9139995794,109196,0.0000,1.0
2016-01-20,40.99,42.72,40.06,42.41,40.0461964079,137203,0.0000,1.0
2016-01-19,42.63,42.63,40.86,41.52,39.2058022838,119207,0.0000,1.0
2016-01-15,41.05,42.42,40.86,42.35,39.9895406242,80581,0.0000,1.0
2016-01-14,40.77,42.68,40.68,42.03,39.6873764448,78439,0.0000,1.0
2016-01-13,41.67,42.14,39.83,40.66,38.3937360515,82886,0.0000,1.0
2016-01-12,41.54,41.67,40.555,41.55,39.2341301756,124482,0.0000,1.0
2016-01-11,41.73,41.94,40.26,40.98,38.6959002309,161095,0.0000,1.0
2016-01-08,40.4,41.4,39.06,41.3,38.9980644104,226545,0.0000,1.0
2016-01-07,41.6,42.53,40.15,40.62,38.3559655291,203168,0.0000,1.0
2016-01-06,43.03,43.7075,41.7,42.28,39.92344221,201526,0.0000,1.0
2016-01-05,45.21,45.21,43.0,43.72,41.2831810175,89055,0.0000,1.0
2016-01-04,45.79,45.79,44.14,45.13,42.6145919332,108798,0.0000,1.0
2015-12-31,47.02,47.02,46.15,46.22,43.6438386695,45696,0.0000,1.0
2015-12-30,48.03,48.4,46.81,47.11,44.4842327936,103672,0.0000,1.0
2015-12-29,47.63,48.26,47.22,47.92,45.2490858728,92823,0.0000,1.0
2015-12-28,47.37,48.1,47.21,47.55,44.8997085403,111732,0.0000,1.0
2015-12-24,47.84,48.2,46.96,47.59,44.9374790627,27331,0.0000,1.0
2015-12-23,47.6,48.41,45.4011,47.64,44.9846922158,77794,0.0000,1.0
2015-12-22,46.32,47.92,45.93,47.43,44.786396973,84303,0.0000,1.0
2015-12-21,46.18,46.83,45.75,46.37,43.7854781286,70957,0.3900,1.0
2015-12-18,47.84,47.84,45.22,46.41,43.4577425138,267082,0.0000,1.0
2015-12-17,48.83,49.06,47.88,48.14,45.0776928381,65597,0.0000,1.0
2015-12-16,48.38,49.12,48.2,48.68,45.5833420723,48933,0.0000,1.0
2015-12-15,48.57,48.9,47.975,48.34,45.2649703322,93015,0.0000,1.0
2015-12-14,49.32,49.895,48.21,48.4,45.3211535805,163584,0.0000,1.0
2015-12-11,50.24,50.24,48.56,49.1,45.9766248099,174852,0.0000,1.0
2015-12-10,46.23,50.87,45.9,50.24,47.0441065265,146517,0.0000,1.0
2015-12-09,45.76,46.69,45.22,45.8,42.8865461567,71612,0.0000,1.0
2015-12-08,46.01,46.58,45.54,45.79,42.877182282,61465,0.0000,1.0
2015-12-07,47.06,47.58,45.93,46.47,43.5139257621,138441,0.0000,1.0
2015-12-04,47.77,48.05,46.94,47.27,44.2630357386,64609,0.0000,1.0
2015-12-03,48.17,48.99,47.41,47.75,44.7125017245,63833,0.0000,1.0
2015-12-02,48.29,48.53,47.96,48.17,45.1057844622,70634,0.0000,1.0
2015-12-01,48.47,48.62,47.24,48.24,45.1713315852,92417,0.0000,1.0
2015-11-30,47.74,48.7,47.46,48.0,44.9465985922,126362,0.0000,1.0
2015-11-27,47.65,48.21,47.4,47.63,44.6001352281,36336,0.0000,1.0
2015-11-25,46.96,47.99,46.4,47.74,44.7031378498,87389,0.0000,1.0
2015-11-24,46.39,48.17,46.06,46.88,43.8978446251,78841,0.0000,1.0
2015-11-23,46.8,47.85,46.53,46.68,43.7105671309,95884,0.0000,1.0
2015-11-20,46.8,47.72,45.695,46.66,43.6918393815,113730,0.0000,1.0
2015-11-19,45.56,46.68,44.77,46.52,43.5607451356,162738,0.0000,1.0
2015-11-18,45.07,45.83,44.56,45.63,42.7273602867,82727,0.0000,1.0
2015-11-17,45.18,46.015,44.39,44.72,41.8752476884,85396,0.0000,1.0
2015-11-16,43.99,45.35,43.62,45.22,42.3434414237,76970,0.0000,1.0
2015-11-13,44.08,45.68,43.78,43.99,41.1916848348,78269,0.0000,1.0
2015-11-12,45.2,45.5799,44.04,44.29,41.472601076,73935,0.0000,1.0
2015-11-11,45.42,46.16,45.22,45.22,42.3434414237,69460,0.0000,1.0
2015-11-10,45.02,45.605,44.73,45.42,42.5307189179,67398,0.0000,1.0
2015-11-09,46.31,46.4899,44.7,45.06,42.1936194284,70817,0.0000,1.0
2015-11-06,45.28,46.32,44.89,46.31,43.3641037668,64709,0.0000,1.0
2015-11-05,45.06,45.7,44.36,45.45,42.558810542,48177,0.0000,1.0
2015-11-04,45.14,47.455,44.91,45.16,42.2872581755,64941,0.0000,1.0
2015-11-03,45.16,46.025,45.06,45.14,42.2685304261,96915,0.0000,1.0
2015-11-02,45.4,45.68,44.98,45.16,42.2872581755,114364,0.0000,1.0
2015-10-30,44.8,45.93,44.61,45.15,42.2778943008,178758,0.0000,1.0
2015-10-29,44.14,45.945,43.63,44.82,41.9688864355,150459,0.0000,1.0
2015-10-28,45.63,45.96,43.5901,44.22,41.4070539531,294845,0.0000,1.0
2015-10-27,51.5,51.5,43.58,45.51,42.6149937902,645549,0.0000,1.0
2015-10-26,52.79,53.31,50.9,51.46,48.1864992407,153788,0.0000,1.0
2015-10-23,52.67,53.79,52.26,52.75,49.3944390779,82562,0.0000,1.0
2015-10-22,53.37,53.91,51.54,52.13,48.8138788461,116167,0.0000,1.0
2015-10-21,56.43,56.43,53.01,53.33,49.9375438109,94978,0.0000,1.0
2015-10-20,53.09,56.84,52.89,56.1,52.5313371046,219650,0.0000,1.0
2015-10-19,52.28,53.685,52.26,53.09,49.7128108179,98804,0.0000,1.0
2015-10-16,52.66,52.68,51.89,52.44,49.104158962,112771,0.0000,1.0
2015-10-15,51.4,52.53,51.14,52.45,49.1135228367,73765,0.0000,1.0
2015-10-14,52.15,52.53,50.91,51.3,48.0366772454,104832,0.0000,1.0
2015-10-13,52.8,54.01,52.15,52.21,48.8887898437,60478,0.0000,1.0
2015-10-12,53.13,53.39,52.59,52.93,49.5629888226,102419,0.0000,1.0
2015-10-09,52.85,53.45,52.28,52.97,49.6004443214,66053,0.0000,1.0
2015-10-08,52.57,53.36,51.68,52.94,49.5723526973,108634,0.0000,1.0
2015-10-07,51.03,52.76,51.03,52.62,49.2727087067,99153,0.0000,1.0
2015-10-06,50.9,51.57,50.44,50.7,47.474844763,124199,0.0000,1.0
2015-10-05,50.01,51.72,50.01,51.09,47.8400358766,142845,0.0000,1.0
2015-10-02,48.75,49.975,48.61,49.74,46.5759127912,103379,0.0000,1.0
2015-10-01,49.48,49.776,47.89,49.04,45.9204415617,114810,0.0000,1.0
2015-09-30,51.3,51.3,49.4501,49.52,46.3699075476,143239,0.0000,1.0
2015-09-29,51.46,51.46,50.56,51.04,47.793216503,155531,0.0000,1.0
2015-09-28,51.37,51.81,51.01,51.29,48.0273133707,72201,0.0000,1.0
2015-09-25,51.4,51.84,50.81,51.62,48.336321236,76554,0.0000,1.0
2015-09-24,51.04,51.76,50.68,51.09,47.8400358766,82017,0.0000,1.0
2015-09-23,51.59,51.65,50.43,51.22,47.9617662478,98606,0.0000,1.0
2015-09-22,51.13,51.98,50.9,51.5,48.2239547396,119965,0.0000,1.0
2015-09-21,50.98,51.94,50.67,51.49,48.2145908648,101883,0.0000,1.0
2015-09-18,50.3,50.72,49.81,50.61,47.3905698907,181813,0.0000,1.0
2015-09-17,49.95,50.68,49.6,50.1,46.9130122806,113255,0.0000,1.0
2015-09-16,49.85,50.25,49.485,49.95,46.77255416,87766,0.0000,1.0
2015-09-15,49.56,50.06,49.44,49.88,46.7070070371,113665,0.0000,1.0
2015-09-14,49.95,50.0,49.22,49.47,46.3230881741,121301,0.0000,1.0
2015-09-11,49.72,49.97,49.34,49.65,46.4916379188,113513,0.0000,1.0
2015-09-10,49.97,50.65,49.52,50.0,46.8193735335,101965,0.0000,1.0
2015-09-09,50.14,50.47,49.37,49.99,46.8100096588,181752,0.0000,1.0
2015-09-08,49.25,50.0,48.71,49.84,46.6695515382,136629,0.0000,1.0
2015-09-04,47.95,49.29,47.95,48.71,45.6114336964,76570,0.0000,1.0
2015-09-03,48.45,48.45,47.2,48.28,45.208787084,124764,0.0000,1.0
2015-09-02,48.17,48.81,47.56,48.38,45.3024258311,77793,0.0000,1.0
2015-09-01,48.03,49.01,47.46,47.75,44.7125017245,164081,0.0000,1.0
2015-08-31,49.17,50.0,48.52,48.75,45.6488891952,179577,0.0000,1.0
2015-08-28,47.92,49.67,47.88,49.2,46.070263557,158786,0.0000,1.0
2015-08-27,47.99,49.08,47.22,48.03,44.9746902163,203519,0.0000,1.0
2015-08-26,48.01,48.01,46.63,47.79,44.7499572234,111044,0.0000,1.0
2015-08-25,48.53,48.94,46.55,47.15,44.1506692421,187749,0.0000,1.0
2015-08-24,46.25,48.47,46.25,47.35,44.3379467363,115862,0.3700,1.0
2015-08-21,48.14,49.47,47.41,48.57,45.1277047984,106254,0.0000,1.0
2015-08-20,48.35,49.46,47.91,48.88,45.4157342093,115105,0.0000,1.0
2015-08-19,48.9,49.44,48.39,48.75,45.2949476822,137567,0.0000,1.0
2015-08-18,49.66,49.88,49.05,49.27,45.7780937908,81788,0.0000,1.0
2015-08-17,49.75,50.208,49.47,49.67,46.1497446436,75298,0.0000,1.0
2015-08-14,49.9,50.18,49.22,49.93,46.3913176979,96185,0.0000,1.0
2015-08-13,52.17,52.53,49.94,50.07,46.5213954963,187755,0.0000,1.0
2015-08-12,51.0,52.18,50.85,52.15,48.4539799308,175369,0.0000,1.0
2015-08-11,51.6,51.8,50.88,51.31,47.6735131399,138426,0.0000,1.0
2015-08-10,51.13,52.15,50.76,51.97,48.286737047,189270,0.0000,1.0
2015-08-07,50.38,51.06,50.28,50.95,47.3390273724,125256,0.0000,1.0
2015-08-06,51.04,51.04,50.487,50.61,47.0231241476,95268,0.0000,1.0
2015-08-05,51.06,51.3,50.37,50.8,47.1996583027,112809,0.0000,1.0
2015-08-04,50.75,51.23,50.5,50.67,47.0788717755,71348,0.0000,1.0
2015-08-03,51.39,51.485,50.1725,50.64,47.0509979615,110723,0.0000,1.0
2015-07-31,51.39,52.17,51.19,51.51,47.8593385663,97750,0.0000,1.0
2015-07-30,50.5,51.955,50.48,51.11,47.4876877136,196047,0.0000,1.0
2015-07-29,49.91,51.31,49.91,50.5,46.9209201631,150749,0.0000,1.0
2015-07-28,52.57,52.57,49.57,50.25,46.6886383801,389192,0.0000,1.0
2015-07-27,52.97,54.21,52.06,52.88,49.1322427371,153284,0.0000,1.0
2015-07-24,54.02,54.07,52.93,52.97,49.215864179,97938,0.0000,1.0
2015-07-23,55.09,55.45,53.4,54.1,50.2657778381,126756,0.0000,1.0
2015-07-22,53.87,55.39,53.7,55.25,51.3342740398,113600,0.0000,1.0
2015-07-21,54.43,55.35,53.62,53.91,50.089243683,80609,0.0000,1.0
2015-07-20,54.26,54.62,53.27,54.57,50.7024675901,101939,0.0000,1.0
2015-07-17,54.89,55.27,54.05,54.15,50.3122341947,77973,0.0000,1.0
2015-07-16,54.9,55.39,54.69,54.81,50.9254581017,66711,0.0000,1.0
2015-07-15,54.01,54.86,53.62,54.49,50.6281374195,96722,0.0000,1.0
2015-07-14,53.71,54.34,53.01,53.87,50.0520785977,144042,0.0000,1.0
2015-07-13,54.61,54.98,53.4,53.57,49.7733404581,107753,0.0000,1.0
2015-07-10,53.71,54.69,53.71,54.35,50.498059621,65652,0.0000,1.0
2015-07-09,53.22,53.91,52.8,53.68,49.8755444426,88728,0.0000,1.0
2015-07-08,52.16,53.1,51.8,52.74,49.0021649386,159390,0.0000,1.0
2015-07-07,53.46,53.46,52.07,52.69,48.955708582,103308,0.0000,1.0
2015-07-06,53.0,54.19,53.0,53.4,49.6153888457,77234,0.0000,1.0
2015-07-02,54.14,54.53,52.82,53.49,49.6990102876,123544,0.0000,1.0
2015-07-01,54.01,54.675,53.49,54.02,50.1914476675,126278,0.0000,1.0
2015-06-30,53.42,53.94,52.93,53.67,49.8662531713,123866,0.0000,1.0
2015-06-29,55.31,55.82,53.35,53.44,49.652553931,98085,0.0000,1.0
2015-06-26,55.89,56.03,55.07,55.6,51.659468536,175339,0.0000,1.0
2015-06-25,56.1,56.26,55.34,55.88,51.9196241329,67058,0.0000,1.0
2015-06-24,56.6,56.87,56.07,56.1,52.1240321019,70368,0.0000,1.0
2015-06-23,56.94,57.05,56.21,56.6,52.5885956679,173420,0.0000,1.0
2015-06-22,57.34,57.51,56.66,56.8,52.7744210943,98008,0.0000,1.0
2015-06-19,56.51,57.4,56.385,56.98,52.9416639781,174681,0.0000,1.0
2015-06-18,56.79,56.79,54.88,56.34,52.3470226136,579391,0.0000,1.0
2015-06-17,57.89,58.04,56.38,56.58,52.5700131253,146762,0.0000,1.0
2015-06-16,57.17,57.72,56.724,57.71,53.6199267844,90685,0.0000,1.0
2015-06-15,56.82,57.41,55.9,57.32,53.2575672029,177513,0.0000,1.0
2015-06-12,57.09,57.94,56.46,57.15,53.0996155905,134693,0.0000,1.0
2015-06-11,56.12,57.04,55.55,57.03,52.9881203347,156563,0.0000,1.0
2015-06-10,55.04,56.03,54.88,55.9,51.9382066756,178720,0.0000,1.0
2015-06-09,54.54,55.02,53.9,54.75,50.8697104738,174755,0.0000,1.0
2015-06-08,55.24,55.25,53.8,54.41,50.553807249,184393,0.0000,1.0
2015-06-05,54.37,55.595,53.94,55.52,51.5851383654,229485,0.0000,1.0
2015-06-04,53.23,54.98,53.05,54.01,50.1821563962,528672,0.0000,1.0
2015-06-03,53.62,54.18,53.1,53.4,49.6153888457,76962,0.0000,1.0
2015-06-02,53.21,54.21,52.93,53.31,49.5317674038,77219,0.0000,1.0
2015-06-01,53.42,54.01,52.81,53.34,49.5596412178,86951,0.3700,1.0
2015-05-29,53.78,54.05,52.9,53.27,49.1536415504,131278,0.0000,1.0
2015-05-28,53.12,54.05,53.03,53.53,49.3935504448,78874,0.0000,1.0
2015-05-27,52.94,53.76,52.61,53.43,49.3012777931,96397,0.0000,1.0
2015-05-26,53.3,53.33,52.26,52.92,48.8306872695,99747,0.0000,1.0
2015-05-22,52.96,53.7799,52.4,53.63,49.4858230964,86631,0.0000,1.0
2015-05-21,52.77,53.12,52.45,52.83,48.747641883,89416,0.0000,1.0
2015-05-20,52.76,53.24,52.23,52.67,48.6000056403,91828,0.0000,1.0
2015-05-19,52.54,53.19,51.84,52.65,48.58155111,188741,0.0000,1.0
2015-05-18,53.73,53.905,51.2,52.27,48.2309150336,250409,0.0000,1.0
2015-05-15,53.33,53.77,53.01,53.73,49.5780957481,140239,0.0000,1.0
2015-05-14,52.96,53.85,52.13,53.51,49.3750959144,119564,0.0000,1.0
2015-05-13,51.52,53.0,51.25,52.52,48.4615966628,122931,0.0000,1.0
2015-05-12,52.75,52.75,51.16,51.22,47.2620521909,87914,0.0000,1.0
2015-05-11,51.4,53.56,51.36,52.83,48.747641883,166448,0.0000,1.0
2015-05-08,52.16,52.25,50.479,51.55,47.5665519415,238203,0.0000,1.0
2015-05-07,52.0,52.57,51.15,52.13,48.1017333212,135763,0.0000,1.0
2015-05-06,52.71,53.1,51.5,51.87,47.8618244269,141381,0.0000,1.0
2015-05-05,53.21,53.5,51.85,52.81,48.7291873527,171451,0.0000,1.0
2015-05-04,53.66,54.84,52.5,53.26,49.1444142852,143723,0.0000,1.0
2015-05-01,54.0,54.515,53.23,53.47,49.3381868538,139979,0.0000,1.0
2015-04-30,54.56,55.0,53.41,54.03,49.8549137032,228315,0.0000,1.0
2015-04-29,58.17,59.46,54.32,54.78,50.5469585908,219518,0.0000,1.0
2015-04-28,59.14,59.74,57.0201,57.03,52.6230932536,226894,0.0000,1.0
2015-04-27,67.03,67.56,63.338,63.79,58.8607245072,186535,0.0000,1.0
2015-04-24,67.88,67.9,66.38,66.65,61.4997223453,110845,0.0000,1.0
2015-04-23,67.67,68.93,66.66,67.88,62.634675961,127048,0.0000,1.0
2015-04-22,66.67,68.55,66.14,67.67,62.4409033924,96211,0.0000,1.0
2015-04-21,67.37,68.07,66.2,66.88,61.7119494442,116708,0.0000,1.0
2015-04-20,65.78,67.57,65.02,66.96,61.7857675655,104348,0.0000,1.0
2015-04-17,66.09,66.09,64.65,65.42,60.3647687296,68667,0.0000,1.0
2015-04-16,67.35,67.88,65.83,66.67,61.5181768756,91112,0.0000,1.0
2015-04-15,66.68,68.14,66.62,67.32,62.1179491115,116023,0.0000,1.0
2015-04-14,66.36,66.9,65.86,66.65,61.4997223453,126974,0.0000,1.0
2015-04-13,65.9,66.66,65.585,66.32,61.1952225947,93789,0.0000,1.0
2015-04-10,65.49,66.33,65.49,65.71,60.6323594195,24535,0.0000,1.0
2015-04-09,66.01,66.26,64.56,66.04,60.93685917,50835,0.0000,1.0
2015-04-08,65.43,66.36,65.13,66.12,61.0106772914,48697,0.0000,1.0
2015-04-07,65.19,66.48,64.63,65.22,60.1802234263,65711,0.0000,1.0
2015-04-06,66.68,66.68,64.83,65.04,60.0141326532,75351,0.0000,1.0
2015-04-02,65.82,67.2,65.82,66.92,61.7488585048,53489,0.0000,1.0
2015-04-01,64.88,66.18,64.29,65.66,60.5862230936,79823,0.0000,1.0
2015-03-31,65.87,66.23,64.44,64.88,59.8664964105,258948,0.0000,1.0
2015-03-30,66.95,67.57,66.15,66.44,61.3059497768,56278,0.0000,1.0
2015-03-27,65.53,67.09,64.84,66.81,61.647358588,56400,0.0000,1.0
2015-03-26,65.62,66.3,65.12,65.76,60.6784957453,60759,0.0000,1.0
2015-03-25,68.32,68.32,65.82,66.07,60.9645409655,107621,0.0000,1.0
2015-03-24,65.97,68.47,65.58,68.32,63.0406756284,61587,0.0000,1.0
2015-03-23,66.09,66.5,65.75,65.92,60.826131988,103573,0.0000,1.0
2015-03-20,66.0,66.74,65.75,66.35,61.2229043902,167461,0.0000,1.0
2015-03-19,65.94,66.36,65.65,66.0,60.8999501094,140383,0.0000,1.0
2015-03-18,66.25,66.82,65.65,66.2,61.0844954127,86377,0.0000,1.0
2015-03-17,66.29,66.6,65.94,66.32,61.1952225947,75958,0.0000,1.0
2015-03-16,66.08,67.25,65.6411,66.63,61.481267815,108010,0.0000,1.0
2015-03-13,66.23,66.63,64.67,65.6,60.5308595026,102934,0.0000,1.0
2015-03-12,65.8,66.59,65.2,66.14,61.0291318217,85784,0.0000,1.0
2015-03-11,65.5,65.67,64.85,65.3,60.2540415476,77657,0.0000,1.0
2015-03-10,65.38,65.9399,64.55,65.71,60.6323594195,67031,0.3700,1.0
2015-03-09,64.67,66.61,64.67,66.12,60.6690618162,64609,0.0000,1.0
2015-03-06,65.11,66.002,64.05,64.75,59.4120047278,85833,0.0000,1.0
2015-03-05,65.64,65.89,64.76,65.6,60.1919306586,58407,0.0000,1.0
2015-03-04,64.86,65.89,64.17,65.4,60.0084186749,50617,0.0000,1.0
2015-03-03,65.33,66.115,64.34,65.31,59.9258382822,89667,0.0000,1.0
2015-03-02,64.92,66.745,64.69,65.67,60.2561598529,68327,0.0000,1.0
2015-02-27,65.55,65.915,64.53,64.82,59.4762339221,49190,0.0000,1.0
2015-02-26,65.31,66.19,64.39,65.69,60.2745110512,51691,0.0000,1.0
2015-02-25,65.36,66.446,64.96,65.47,60.0726478692,41060,0.0000,1.0
2015-02-24,65.2,66.62,65.17,65.31,59.9258382822,41508,0.0000,1.0
2015-02-23,65.37,65.43,63.99,65.15,59.7790286952,49148,0.0000,1.0
2015-02-20,65.59,65.9499,64.45,65.37,59.9808918773,40200,0.0000,1.0
2015-02-19,65.76,66.47,65.36,65.4,60.0084186749,59636,0.0000,1.0
2015-02-18,64.81,66.06,64.81,65.5,60.1001746667,45723,0.0000,1.0
2015-02-17,65.27,66.11,63.85,64.92,59.5679899139,79519,0.0000,1.0
2015-02-13,67.02,67.11,63.99,65.23,59.8524334887,180066,0.0000,1.0
2015-02-12,69.7,72.47,66.16,66.6,61.1094905771,194168,0.0000,1.0
2015-02-11,64.01,68.41,63.71,66.53,61.0452613828,183092,0.0000,1.0
2015-02-10,65.72,65.72,63.613,64.19,58.8981711734,173242,0.0000,1.0
2015-02-09,68.45,68.45,64.99,65.66,60.2469842537,146459,0.0000,1.0
2015-02-06,72.55,72.55,66.64,68.71,63.0455420053,218803,0.0000,1.0
2015-02-05,72.82,73.91,71.34,72.86,66.8534156674,104946,0.0000,1.0
2015-02-04,70.68,73.92,70.607,73.84,67.7526243876,106890,0.0000,1.0
2015-02-03,70.0,71.43,69.49,71.1,65.2385102107,105095,0.0000,1.0
2015-02-02,67.91,69.945,67.16,69.88,64.1190871101,68244,0.0000,1.0
2015-01-30,68.58,69.56,67.13,67.99,62.384898864,82572,0.0000,1.0
2015-01-29,68.99,69.63,68.59,68.95,63.2657563858,62605,0.0000,1.0
2015-01-28,68.98,69.275,67.11,68.62,62.9629616127,60246,0.0000,1.0
2015-01-27,69.25,70.15,68.76,68.97,63.2841075842,51492,0.0000,1.0
2015-01-26,69.73,70.11,69.23,69.92,64.1557895068,86461,0.0000,1.0
2015-01-23,69.83,70.19,69.584,69.84,64.0823847133,36935,0.0000,1.0
2015-01-22,69.54,70.1875,68.37,69.72,63.9722775231,84731,0.0000,1.0
2015-01-21,69.14,70.02,68.68,69.28,63.5685511589,49876,0.0000,1.0
2015-01-20,69.97,70.42,68.09,69.25,63.5410243614,56499,0.0000,1.0
2015-01-16,67.97,70.63,67.97,69.76,64.0089799198,93718,0.0000,1.0
2015-01-15,70.26,70.3,68.035,68.28,62.6509912404,75752,0.0000,1.0
2015-01-14,69.11,70.63,68.7,70.25,64.4585842799,88852,0.0000,1.0
2015-01-13,69.38,71.23,68.27,69.64,63.8988727296,126719,0.0000,1.0
2015-01-12,68.21,69.09,67.44,68.79,63.1189467988,105211,0.0000,1.0
2015-01-09,71.56,71.56,67.57,67.83,62.238089277,129791,0.0000,1.0
2015-01-08,71.39,72.96,69.56,71.45,65.5596561822,107013,0.0000,1.0
2015-01-07,71.3,71.56,69.74,71.51,65.6147097774,57003,0.0000,1.0
2015-01-06,72.47,72.47,69.28,70.56,64.7430278547,91253,0.0000,1.0
2015-01-05,74.0,74.7,71.32,72.5,66.5230940967,63569,0.0000,1.0
2015-01-02,77.23,77.23,73.08,74.52,68.3765651323,62509,0.0000,1.0
2014-12-31,76.26,77.36,75.85,76.96,70.6154113336,110645,0.0000,1.0
2014-12-30,76.23,77.05,75.64,76.21,69.9272413947,38971,0.0000,1.0
2014-12-29,74.99,77.855,74.99,76.57,70.2575629653,42333,0.0000,1.0
2014-12-26,75.07,75.875,74.71,75.25,69.0463838728,60912,0.0000,1.0
2014-12-24,75.0,75.0,74.2,74.6,68.4499699258,21220,0.0000,1.0
2014-12-23,75.16,75.7995,74.18,74.98,68.7986426948,36258,0.0000,1.0
2014-12-22,74.33,75.23,72.43,74.95,68.7711158973,51220,0.3700,1.0
2014-12-19,75.33,75.68,73.85,74.35,67.8854549517,230490,0.0000,1.0
2014-12-18,73.755,76.26,73.56,75.54,68.9719874519,189293,0.0000,1.0
2014-12-17,70.18,73.26,70.18,73.08,66.7258782498,64850,0.0000,1.0
2014-12-16,69.34,71.01,68.44,70.17,64.068895413,49779,0.0000,1.0
2014-12-15,69.55,70.05,69.04,69.76,63.6945438793,53940,0.0000,1.0
2014-12-12,67.61,71.262,67.61,69.55,63.5028028499,51273,0.0000,1.0
2014-12-11,68.58,71.29,67.62,68.32,62.3797482488,66248,0.0000,1.0
2014-12-10,70.96,71.78,67.63,68.42,62.4710535009,84151,0.0000,1.0
2014-12-09,68.76,71.3,67.91,71.06,64.8815121569,148022,0.0000,1.0
2014-12-08,70.48,71.47,68.76,69.21,63.1923649927,88893,0.0000,1.0
2014-12-05,70.26,72.32,70.25,70.81,64.6532490266,57707,0.0000,1.0
2014-12-04,71.2,72.0,70.0,70.26,64.15107014,67347,0.0000,1.0
2014-12-03,71.64,72.49,71.0,71.43,65.2193415898,67239,0.0000,1.0
2014-12-02,68.62,71.82,68.62,71.48,65.2649942158,105944,0.0000,1.0
2014-12-01,68.49,70.4699,68.21,68.6,62.6354029547,58491,0.0000,1.0
2014-11-28,69.29,71.05,68.03,68.18,62.2519208958,33148,0.0000,1.0
2014-11-26,70.11,70.845,69.35,69.51,63.466280749,90075,0.0000,1.0
2014-11-25,70.79,70.79,69.4,69.89,63.8132407071,39123,0.0000,1.0
2014-11-24,70.08,71.45,69.85,70.93,64.7628153292,54610,0.0000,1.0
2014-11-21,70.48,71.9,69.98,70.12,64.023242787,95548,0.0000,1.0
2014-11-20,68.25,69.96,68.25,69.6,63.548455476,37577,0.0000,1.0
2014-11-19,68.74,69.4,67.08,68.45,62.4984450766,37723,0.0000,1.0
2014-11-18,68.68,69.51,68.28,68.79,62.8088829338,43333,0.0000,1.0
2014-11-17,70.2,70.37,67.97,68.43,62.4801840261,79613,0.0000,1.0
2014-11-14,69.16,70.48,68.41,70.2,64.0962869887,66223,0.0000,1.0
2014-11-13,70.31,70.44,68.34,68.93,62.9367102867,45712,0.0000,1.0
2014-11-12,68.68,70.56,67.94,70.11,64.0141122618,67090,0.0000,1.0
2014-11-11,68.99,69.055,68.17,68.58,62.6171419043,89214,0.0000,1.0
2014-11-10,69.87,69.87,68.2,69.17,63.1558428918,57724,0.0000,1.0
2014-11-07,69.21,70.19,68.12,69.65,63.594108102,74876,0.0000,1.0
2014-11-06,69.72,69.83,68.1,69.46,63.420628123,82831,0.0000,1.0
2014-11-05,69.86,70.355,67.92,69.49,63.4480196986,67931,0.0000,1.0
2014-11-04,69.89,70.34,68.79,69.62,63.5667165264,84633,0.0000,1.0
2014-11-03,70.74,71.53,69.55,69.84,63.767588081,112765,0.0000,1.0
2014-10-31,71.51,72.1,70.67,70.74,64.5893353501,178356,0.0000,1.0
2014-10-30,72.43,72.43,70.44,71.13,64.9454258334,70698,0.0000,1.0
2014-10-29,70.0,73.04,70.0,72.25,65.9680446572,81713,0.0000,1.0
2014-10-28,66.93,70.24,66.78,69.93,63.849762808,80561,0.0000,1.0
2014-10-27,66.29,66.79,65.46,66.78,60.9736473662,48847,0.0000,1.0
2014-10-24,65.86,67.45,65.25,66.42,60.6449484585,44094,0.0000,1.0
2014-10-23,66.0,67.25,65.465,66.24,60.4805990047,35023,0.0000,1.0
2014-10-22,66.23,66.25,64.84,65.32,59.6405906852,28227,0.0000,1.0
2014-10-21,67.34,67.34,65.03,66.28,60.5171211056,36172,0.0000,1.0
2014-10-20,66.44,67.3,65.51,66.73,60.9279947401,42316,0.0000,1.0
2014-10-17,68.01,68.01,64.4,66.53,60.7453842359,97810,0.0000,1.0
2014-10-16,63.91,67.96,63.91,67.06,61.2293020721,90087,0.0000,1.0
2014-10-15,60.45,65.075,60.45,64.61,58.9923233951,74673,0.0000,1.0
2014-10-14,61.45,61.91,60.87,61.02,55.714464844,83692,0.0000,1.0
2014-10-13,61.0,62.19,60.64,60.9,55.6048985415,60118,0.0000,1.0
2014-10-10,60.75,62.03,60.75,61.14,55.8240311466,40383,0.0000,1.0
2014-10-09,61.61,62.31,60.5,61.09,55.7783785205,40038,0.0000,1.0
2014-10-08,59.95,62.82,59.95,61.86,56.4814289618,44821,0.0000,1.0
2014-10-07,59.95,60.585,59.21,59.91,54.7009765455,50646,0.0000,1.0
2014-10-06,61.85,61.88,60.18,60.25,55.0114144027,26982,0.0000,1.0
2014-10-03,62.43,62.99,61.71,61.91,56.5270815879,26342,0.0000,1.0
2014-10-02,61.11,62.67,60.41,61.83,56.4540373862,45180,0.0000,1.0
2014-10-01,62.44,63.55,61.52,61.68,56.317079508,91722,0.0000,1.0
2014-09-30,60.93,62.95,60.93,62.6,57.1570878275,100835,0.0000,1.0
2014-09-29,60.42,61.42,60.135,61.13,55.8149006213,29171,0.0000,1.0
2014-09-26,60.91,61.52,60.38,61.25,55.9244669239,32168,0.0000,1.0
2014-09-25,61.13,62.25,60.1,60.91,55.6140290667,55231,0.0000,1.0
2014-09-24,60.78,61.65,60.61,61.25,55.9244669239,25471,0.0000,1.0
2014-09-23,60.31,61.02,60.31,60.71,55.4314185624,55700,0.0000,1.0
2014-09-22,60.43,60.99,60.31,60.57,55.3035912095,31700,0.0000,1.0
2014-09-19,62.85,62.86,60.58,60.73,55.4496796129,95600,0.0000,1.0
2014-09-18,63.65,63.77,62.22,62.89,57.4218730587,37300,0.0000,1.0
2014-09-17,65.13,65.57,62.89,63.59,58.0610098235,54300,0.0000,1.0
2014-09-16,64.23,65.38,63.95,64.92,59.2753696767,45100,0.0000,1.0
2014-09-15,65.04,65.36,64.56,64.59,58.9740623447,31100,0.0000,1.0
2014-09-12,65.48,66.09,64.63,65.21,59.5401549079,43400,0.0000,1.0
2014-09-11,64.62,65.64,64.4949,65.22,59.5492854331,30500,0.0000,1.0
2014-09-10,62.84,65.26,62.84,64.87,59.2297170507,68000,0.0000,1.0
2014-09-09,63.01,63.31,61.95,62.64,57.1936099284,39900,0.0000,1.0
2014-09-08,63.1,63.36,62.48,63.03,57.5497004116,34700,0.3500,1.0
2014-09-05,63.5,64.08,63.1901,63.31,57.4861396822,27300,0.0000,1.0
2014-09-04,64.477,65.04,63.41,63.75,57.885664267,32200,0.0000,1.0
2014-09-03,65.55,65.8,63.7,64.13,58.2307082265,35400,0.0000,1.0
2014-09-02,65.44,65.74,64.76,65.11,59.120558438,37000,0.0000,1.0
2014-08-29,64.62,65.31,64.49,65.11,59.120558438,20700,0.0000,1.0
2014-08-28,64.88,64.92,64.41,64.55,58.6120726029,24300,0.0000,1.0
2014-08-27,66.07,66.68,64.73,65.16,59.165958959,82400,0.0000,1.0
2014-08-26,65.67,66.36,65.67,66.03,59.9559280243,37400,0.0000,1.0
2014-08-25,66.67,66.69,65.33,65.7,59.6562845857,42700,0.0000,1.0
2014-08-22,66.43,66.91,65.96,66.34,60.2374112545,32300,0.0000,1.0
2014-08-21,67.32,67.32,65.92,66.71,60.5733751098,38900,0.0000,1.0
2014-08-20,67.57,68.12,66.605,67.23,61.0455405281,46200,0.0000,1.0
2014-08-19,68.33,68.67,67.89,68.15,61.8809101144,31700,0.0000,1.0
2014-08-18,67.7,68.81,67.7,68.22,61.9444708438,42200,0.0000,1.0
2014-08-15,67.39,67.86,66.36,67.25,61.0637007365,94800,0.0000,1.0
2014-08-14,67.03,67.79,66.6,66.69,60.5552149014,47600,0.0000,1.0
2014-08-13,66.84,67.33,66.83,67.15,60.9728996946,39500,0.0000,1.0
2014-08-12,66.52,67.286,66.4,66.82,60.673256256,54600,0.0000,1.0
2014-08-11,66.92,68.44,66.38,67.0,60.8366981316,45000,0.0000,1.0
2014-08-08,65.78,67.06,65.78,66.61,60.4825740678,78400,0.0000,1.0
2014-08-07,65.32,66.0,65.32,65.82,59.7652458361,81600,0.0000,1.0
2014-08-06,64.81,65.94,64.64,65.34,59.3294008346,64000,0.0000,1.0
2014-08-05,64.37,66.3,63.31,65.53,59.5019228144,73300,0.0000,1.0
2014-08-04,64.83,64.94,63.04,64.7,58.7482741659,96100,0.0000,1.0
2014-08-01,63.99,64.91,63.561,64.7,58.7482741659,100500,0.0000,1.0
2014-07-31,63.95,65.04,63.8,63.96,58.0763464552,65200,0.0000,1.0
2014-07-30,65.26,65.26,64.13,64.86,58.893555833,97100,0.0000,1.0
2014-07-29,58.06,65.02,58.06,64.89,58.9207961456,173200,0.0000,1.0
2014-07-28,57.13,57.42,56.3105,57.16,51.9018756,46600,0.0000,1.0
2014-07-25,58.53,59.07,57.17,57.34,52.0653174756,61000,0.0000,1.0
2014-07-24,59.16,59.87,58.37,59.2,53.7542168566,108400,0.0000,1.0
2014-07-23,58.21,59.48,57.84,59.36,53.8994985237,99400,0.0000,1.0
2014-07-22,57.36,58.26,56.81,58.26,52.9006870619,57300,0.0000,1.0
2014-07-21,57.25,57.6278,57.0,57.25,51.9835965378,67400,0.0000,1.0
2014-07-18,56.49,57.5925,56.49,57.31,52.038077163,60200,0.0000,1.0
2014-07-17,55.69,57.5,55.5,56.68,51.4660305985,85300,0.0000,1.0
2014-07-16,56.85,56.85,55.71,56.04,50.8849039298,93800,0.0000,1.0
2014-07-15,55.65,57.1,55.65,56.52,51.3207489313,76000,0.0000,1.0
2014-07-14,56.6,56.78,55.7,55.96,50.8122630962,100200,0.0000,1.0
2014-07-11,54.52,56.2899,54.298,55.93,50.7850227836,97700,0.0000,1.0
2014-07-10,54.9,55.71,54.1,54.72,49.6863301755,55600,0.0000,1.0
2014-07-09,55.03,56.445,54.6101,55.87,50.7305421584,59700,0.0000,1.0
2014-07-08,54.64,55.05,53.88,54.73,49.6954102797,71900,0.0000,1.0
2014-07-07,56.0,56.0,54.55,54.7,49.6681699671,47700,0.0000,1.0
2014-07-03,55.95,57.27,55.92,56.38,51.1936274725,28400,0.0000,1.0
2014-07-02,56.28,56.56,55.135,55.56,50.4490589282,31500,0.0000,1.0
2014-07-01,54.51,56.78,54.51,56.22,51.0483458053,48000,0.0000,1.0
2014-06-30,54.86,55.03,54.23,54.39,49.386686737,64900,0.0000,1.0
2014-06-27,54.61,55.36,54.302,55.06,49.9950537183,143400,0.0000,1.0
2014-06-26,55.2,55.38,55.0,55.09,50.0222940309,85500,0.0000,1.0
2014-06-25,53.67,55.18,52.89,55.0,49.9405730931,67400,0.0000,1.0
2014-06-24,54.55,55.43,53.6301,53.82,48.8691207976,53200,0.0000,1.0
2014-06-23,56.02,56.46,54.46,54.8,49.7589710091,72100,0.0000,1.0
2014-06-20,55.32,56.0,55.0,55.53,50.4218186156,101500,0.0000,1.0
2014-06-19,56.27,56.27,54.0,55.0,49.9405730931,57600,0.0000,1.0
2014-06-18,56.38,56.77,55.01,56.19,51.0211054927,46900,0.0000,1.0
2014-06-17,56.38,56.7,55.4,56.18,51.0120253885,61600,0.0000,1.0
2014-06-16,56.37,57.5,55.55,56.6,51.3933897649,44200,0.0000,1.0
2014-06-13,56.34,57.21,55.65,56.28,51.1028264305,26900,0.0000,1.0
2014-06-12,55.73,56.49,55.46,56.07,50.9121442423,34200,0.0000,1.0
2014-06-11,56.43,56.85,55.5,55.94,50.7941028878,42200,0.0000,1.0
2014-06-10,56.35,57.0,55.5,56.94,51.7021133076,19600,0.0000,1.0
2014-06-09,55.92,57.235,55.91,56.75,51.5295913279,25700,0.3500,1.0
2014-06-06,56.65,56.73,54.86,56.12,50.6451955398,50800,0.0000,1.0
2014-06-05,55.03,56.79,54.5601,56.34,50.8437333697,46200,0.0000,1.0
2014-06-04,54.77,55.155,54.01,54.72,49.3817729853,51600,0.0000,1.0
2014-06-03,56.46,56.55,54.7,55.33,49.9322642412,63000,0.0000,1.0
2014-06-02,57.24,58.1,55.68,56.57,51.0512956465,76900,0.0000,1.0
2014-05-30,57.06,57.72,55.91,57.24,51.6559335833,142600,0.0000,1.0
2014-05-29,56.57,57.18,55.9,56.8,51.2588579233,58200,0.0000,1.0
2014-05-28,58.29,58.29,55.626,56.63,51.1054423274,90200,0.0000,1.0
2014-05-27,58.99,58.99,57.77,58.51,52.8020383291,37600,0.0000,1.0
2014-05-23,58.4,58.68,57.21,58.25,52.5674027119,34100,0.0000,1.0
2014-05-22,59.35,60.08,57.45,58.26,52.5764271587,67900,0.0000,1.0
2014-05-21,60.05,60.42,58.28,59.54,53.7315563513,37500,0.0000,1.0
2014-05-20,59.94,60.69,58.66,59.84,54.0022897559,68200,0.0000,1.0
2014-05-19,60.55,61.53,59.635,60.27,54.390340969,84500,0.0000,1.0
2014-05-16,58.57,60.96,58.57,60.94,54.9949789058,97700,0.0000,1.0
2014-05-15,55.26,56.51,55.06,56.21,50.7264155611,65600,0.0000,1.0
2014-05-14,57.76,57.76,55.26,55.82,50.3744621352,79900,0.0000,1.0
2014-05-13,60.31,61.42,57.81,57.81,52.1703270519,57100,0.0000,1.0
2014-05-12,56.92,60.59,56.79,60.33,54.4444876499,67500,0.0000,1.0
2014-05-09,56.27,58.11,55.1,56.81,51.2678823702,67800,0.0000,1.0
2014-05-08,57.54,58.38,56.1,56.49,50.979100072,49100,0.0000,1.0
2014-05-07,58.2,58.2,56.51,57.86,52.215449286,63000,0.0000,1.0
2014-05-06,59.8,60.0,56.0,57.91,52.2605715201,51500,0.0000,1.0
2014-05-05,60.57,61.07,58.78,60.26,54.3813165222,62700,0.0000,1.0
2014-05-02,57.16,61.53,57.16,61.22,55.2476634167,119300,0.0000,1.0
2014-05-01,58.25,59.163,56.11,57.21,51.6288602429,74800,0.0000,1.0
2014-04-30,56.51,58.65,55.7,58.36,52.6666716269,71200,0.0000,1.0
2014-04-29,55.49,58.2399,54.15,57.23,51.6469091365,76800,0.0000,1.0
2014-04-28,57.63,59.14,54.66,54.82,49.4720174535,102500,0.0000,1.0
2014-04-25,57.34,57.97,55.28,55.72,50.2842176671,39600,0.0000,1.0
2014-04-24,59.0,59.11,56.7,57.42,51.818373626,29400,0.0000,1.0
2014-04-23,59.02,59.06,57.91,58.29,52.6035004991,39100,0.0000,1.0
2014-04-22,58.17,60.92,56.52,58.95,53.1991139891,43800,0.0000,1.0
2014-04-21,57.37,59.01,56.49,57.84,52.1974003924,53300,0.0000,1.0
2014-04-17,56.65,58.1,56.22,57.38,51.7822758388,45900,0.0000,1.0
2014-04-16,56.76,57.0,55.69,56.66,51.1325156679,23300,0.0000,1.0
2014-04-15,56.32,56.48,54.15,56.15,50.6722688802,31100,0.0000,1.0
2014-04-14,56.89,57.28,55.3159,55.91,50.4556821566,51400,0.0000,1.0
2014-04-11,56.03,56.884,55.915,56.19,50.7083666675,47700,0.0000,1.0
2014-04-10,58.81,59.18,56.44,56.51,50.9971489656,90100,0.0000,1.0
2014-04-09,58.88,58.96,57.06,58.71,52.9825272655,42100,0.0000,1.0
2014-04-08,56.67,59.35,56.49,58.47,52.7659405419,72400,0.0000,1.0
2014-04-07,59.14,59.14,55.775,56.61,51.0873934338,109500,0.0000,1.0
2014-04-04,62.42,63.25,58.06,59.21,53.4337496064,109000,0.0000,1.0
2014-04-03,62.29,64.62,61.3125,62.13,56.0688880771,102600,0.0000,1.0
2014-04-02,63.94,63.94,60.8,61.98,55.9335213748,57600,0.0000,1.0
2014-04-01,63.6,64.72,62.19,64.09,57.8376796533,95300,0.0000,1.0
2014-03-31,61.01,63.4,60.26,63.15,56.9893816524,74900,0.0000,1.0
2014-03-28,59.93,61.79,59.93,60.42,54.5257076713,56700,0.0000,1.0
2014-03-27,60.48,60.48,59.21,59.7,53.8759475004,60500,0.0000,1.0
2014-03-26,60.63,61.0,59.44,60.27,54.390340969,84100,0.0000,1.0
2014-03-25,60.48,61.529,59.68,59.93,54.0835097772,101200,0.0000,1.0
2014-03-24,60.23,60.44,58.07,60.03,54.1737542454,95400,0.3500,1.0
2014-03-21,61.22,61.49,60.01,60.34,54.1378657033,104800,0.0000,1.0
2014-03-20,61.07,61.49,60.88,61.16,54.8735808156,34600,0.0000,1.0
2014-03-19,62.42,62.59,61.31,61.34,55.0350792549,58300,0.0000,1.0
2014-03-18,62.67,64.86,62.19,62.49,56.0668748393,46000,0.0000,1.0
2014-03-17,60.61,62.89,60.61,62.42,56.0040698906,57100,0.0000,1.0
2014-03-14,60.96,60.96,57.37,60.02,53.8507573668,81100,0.0000,1.0
2014-03-13,63.32,63.89,60.18,60.83,54.5775003436,67600,0.0000,1.0
2014-03-12,62.6,63.43,61.66,63.04,56.5603422926,38000,0.0000,1.0
2014-03-11,65.72,66.12,62.83,63.15,56.6590357833,71400,0.0000,1.0
2014-03-10,66.12,66.12,64.5,65.43,58.704682681,47600,0.0000,1.0
2014-03-07,66.15,66.85,65.27,66.0,59.2160944054,97400,0.0000,1.0
2014-03-06,66.14,66.61,65.06,65.58,58.8392647137,59800,0.0000,1.0
2014-03-05,66.62,66.62,65.38,65.71,58.9559024754,36700,0.0000,1.0
2014-03-04,67.26,69.0,66.22,66.59,59.7454504008,135500,0.0000,1.0
2014-03-03,65.92,67.1,65.4,66.26,59.4493699288,135700,0.0000,1.0
2014-02-28,67.16,67.3,65.4,66.48,59.6467569101,85200,0.0000,1.0
2014-02-27,66.89,67.43,66.4,67.28,60.3645277514,38600,0.0000,1.0
2014-02-26,67.51,67.71,66.36,67.25,60.3376113449,85200,0.0000,1.0
2014-02-25,65.75,67.94,64.9101,67.23,60.3196670738,85800,0.0000,1.0
2014-02-24,66.04,66.9,64.594,65.75,58.9917910175,97700,0.0000,1.0
2014-02-21,65.32,66.455,65.19,65.7,58.9469303399,103500,0.0000,1.0
2014-02-20,62.46,65.4,61.78,64.99,58.3099087182,126800,0.0000,1.0
2014-02-19,63.97,64.39,61.48,62.2,55.8066829093,113200,0.0000,1.0
2014-02-18,66.06,66.06,59.295,61.9,55.5375188438,349700,0.0000,1.0
2014-02-14,66.64,67.2,65.36,66.31,59.4942306064,67700,0.0000,1.0
2014-02-13,65.34,67.6,64.5,66.63,59.7813389429,62000,0.0000,1.0
2014-02-12,62.28,65.87,62.11,65.79,59.0276795595,84500,0.0000,1.0
2014-02-11,62.05,62.82,61.25,61.97,55.6003237924,70500,0.0000,1.0
2014-02-10,62.19,62.51,60.22,61.98,55.6092959279,105400,0.0000,1.0
2014-02-07,61.52,63.299,61.12,62.1,55.7169615541,72800,0.0000,1.0
2014-02-06,60.57,61.65,59.87,61.225,54.9318996965,59700,0.0000,1.0
2014-02-05,59.7,60.63,58.58,60.21,54.0212279416,60300,0.0000,1.0
2014-02-04,60.25,60.91,59.97,60.17,53.9853393996,93200,0.0000,1.0
2014-02-03,62.01,62.38,58.55,60.0,53.8328130958,190300,0.0000,1.0
2014-01-31,63.05,63.38,61.9196,62.39,55.9771534841,105400,0.0000,1.0
2014-01-30,64.5,65.4299,63.92,64.22,57.6190542835,89600,0.0000,1.0
2014-01-29,65.31,66.05,64.01,64.15,57.5562493349,50700,0.0000,1.0
2014-01-28,65.7,66.9599,64.5,66.12,59.3237600316,83900,0.0000,1.0
2014-01-27,68.99,68.99,64.9,65.58,58.8392647137,168100,0.0000,1.0
2014-01-24,71.19,71.19,68.005,69.21,62.096149906,91200,0.0000,1.0
2014-01-23,71.34,72.15,70.8,71.32,63.9892704999,77100,0.0000,1.0
2014-01-22,72.28,73.0,71.31,72.0,64.5993757149,161400,0.0000,1.0
2014-01-21,71.59,72.71,71.27,72.08,64.6711527991,176800,0.0000,1.0
2014-01-17,71.8,72.34,70.66,71.26,63.9354376868,78000,0.0000,1.0
2014-01-16,71.17,72.6,71.17,71.69,64.3212395139,49900,0.0000,1.0
2014-01-15,69.55,71.99,69.55,71.11,63.800855654,79000,0.0000,1.0
2014-01-14,68.26,70.06,67.72,69.6,62.4460631911,91500,0.0000,1.0
2014-01-13,70.07,70.1599,67.42,68.06,61.0643543216,71700,0.0000,1.0
2014-01-10,70.2,70.91,68.14,69.99,62.7959764762,95200,0.0000,1.0
2014-01-09,69.0,70.87,68.28,69.99,62.7959764762,172200,0.0000,1.0
2014-01-08,64.9,69.0,64.9,68.52,61.4770725554,168800,0.0000,1.0
2014-01-07,63.85,65.0,62.66,64.58,57.9420511621,114800,0.0000,1.0
2014-01-06,64.67,64.99,63.34,64.01,57.4306394377,59000,0.0000,1.0
2014-01-03,64.94,65.8,63.69,64.58,57.9420511621,70400,0.0000,1.0
2014-01-02,66.25,66.86,64.21,64.9,58.2291594986,64300,0.0000,1.0
2013-12-31,66.48,67.8,65.83,66.44,59.6108683681,39900,0.0000,1.0
2013-12-30,66.45,67.265,65.44,66.36,59.5390912839,56700,0.0000,1.0
2013-12-27,67.79,68.14,66.42,66.66,59.8082553494,41800,0.0000,1.0
2013-12-26,68.33,68.779,66.77,67.47,60.5349983262,50600,0.0000,1.0
2013-12-24,67.9,68.17,67.2,67.86,60.8849116113,41600,0.0000,1.0
2013-12-23,67.3,68.65,66.63,67.3,60.3824720224,73400,0.0000,1.0
2013-12-20,66.26,67.59,65.51,67.22,60.3106949383,160400,0.0000,1.0
2013-12-19,65.67,67.05,65.0,65.94,59.1622615923,142000,0.3500,1.0
2013-12-18,64.84,67.1,63.7,66.64,59.4746283377,153800,0.0000,1.0
2013-12-17,66.25,66.66,64.28,64.94,57.9574184312,56600,0.0000,1.0
2013-12-16,66.0,67.3799,65.26,65.64,58.5821519221,79900,0.0000,1.0
2013-12-13,65.35,66.27,64.3,65.52,58.4750547522,133200,0.0000,1.0
2013-12-12,63.88,65.43,63.88,65.02,58.0288165444,89900,0.0000,1.0
2013-12-11,65.52,65.52,63.28,64.06,57.1720391854,76900,0.0000,1.0
2013-12-10,64.49,66.5,64.3586,65.2,58.1894622992,82400,0.0000,1.0
2013-12-09,65.73,65.91,63.76,64.42,57.493330695,125500,0.0000,1.0
2013-12-06,66.18,66.88,65.13,65.77,58.6981738561,127100,0.0000,1.0
2013-12-05,64.62,65.14,64.21,64.71,57.7521488556,129600,0.0000,1.0
2013-12-04,62.9,64.98,62.4101,64.53,57.5915031008,219700,0.0000,1.0
2013-12-03,62.99,64.42,62.97,63.23,56.4312837604,141800,0.0000,1.0
2013-12-02,65.69,65.69,62.6,62.95,56.1813903641,163300,0.0000,1.0
2013-11-29,66.12,66.27,64.4,65.72,58.6535500354,38900,0.0000,1.0
2013-11-27,64.94,66.33,64.25,65.6,58.5464528655,85700,0.0000,1.0
2013-11-26,63.76,65.6,63.7,64.69,57.7342993273,111100,0.0000,1.0
2013-11-25,65.0,67.83,63.58,63.9,57.0292429589,171500,0.0000,1.0
2013-11-22,65.28,65.64,63.48,64.99,58.0020422519,134200,0.0000,1.0
2013-11-21,64.79,65.91,64.65,65.25,58.23408612,63400,0.0000,1.0
2013-11-20,65.82,65.89,64.07,64.3,57.3862335252,129300,0.0000,1.0
2013-11-19,65.77,67.43,65.42,65.59,58.5375281013,127700,0.0000,1.0
2013-11-18,66.71,66.76,65.43,65.87,58.7874214977,94600,0.0000,1.0
2013-11-15,66.17,67.49,65.82,66.68,59.5103273944,70100,0.0000,1.0
2013-11-14,66.82,67.43,65.53,66.28,59.1533368281,67800,0.0000,1.0
2013-11-13,64.85,66.86,64.85,66.46,59.3139825829,205300,0.0000,1.0
2013-11-12,65.16,65.78,64.49,65.17,58.1626880068,122400,0.0000,1.0
2013-11-11,64.55,65.65,63.73,65.39,58.3590328182,136500,0.0000,1.0
2013-11-08,62.88,65.21,62.88,64.62,57.6718259782,99600,0.0000,1.0
2013-11-07,63.7,63.92,62.72,62.92,56.1546160716,100600,0.0000,1.0
2013-11-06,63.05,64.53,62.2,63.44,56.6187038077,60700,0.0000,1.0
2013-11-05,62.67,63.65,61.3,62.86,56.1010674866,86300,0.0000,1.0
2013-11-04,61.57,62.96,61.18,62.71,55.9671960243,124300,0.0000,1.0
2013-11-01,60.8,62.17,59.91,61.64,55.0122462596,151700,0.0000,1.0
2013-10-31,61.64,61.64,59.51,60.92,54.3696632403,138600,0.0000,1.0
2013-10-30,62.15,62.41,61.42,61.8,55.1550424861,99500,0.0000,1.0
2013-10-29,61.23,62.255,60.76,61.89,55.2353653635,77600,0.0000,1.0
2013-10-28,61.42,62.51,60.87,61.16,54.5838575801,124400,0.0000,1.0
2013-10-25,61.34,61.8222,60.29,61.31,54.7177290424,168100,0.0000,1.0
2013-10-24,60.1,61.61,60.1,61.1,54.5303089951,105300,0.0000,1.0
2013-10-23,55.28,61.01,55.28,60.19,53.7181554569,245500,0.0000,1.0
2013-10-22,57.4,57.8499,53.4,55.37,49.4164191336,334800,0.0000,1.0
2013-10-21,58.41,59.21,57.32,57.58,51.3887920121,137900,0.0000,1.0
2013-10-18,58.2,58.63,57.12,58.16,51.9064283332,117800,0.0000,1.0
2013-10-17,56.72,57.9,56.51,57.66,51.4601901254,38300,0.0000,1.0
2013-10-16,57.03,57.74,56.66,56.91,50.7908328136,35200,0.0000,1.0
2013-10-15,56.63,58.19,56.18,56.47,50.3981431908,55000,0.0000,1.0
2013-10-14,56.79,57.95,55.52,56.96,50.8354566344,102600,0.0000,1.0
2013-10-11,55.65,58.05,55.65,57.24,51.0853500308,41700,0.0000,1.0
2013-10-10,53.14,56.25,53.14,55.96,49.9429802188,69200,0.0000,1.0
2013-10-09,53.85,54.51,52.29,52.61,46.9531842264,77500,0.0000,1.0
2013-10-08,54.72,55.79,53.36,53.81,48.0241559252,163900,0.0000,1.0
2013-10-07,56.17,56.74,54.51,54.6,48.7292122935,140100,0.0000,1.0
2013-10-04,56.03,57.82,56.03,56.86,50.7462089929,29600,0.0000,1.0
2013-10-03,57.11,57.405,55.88,56.18,50.1393250302,40500,0.0000,1.0
2013-10-02,57.45,58.0,56.84,57.38,51.210296729,52500,0.0000,1.0
2013-10-01,56.38,58.0,55.45,57.89,51.665459701,68000,0.0000,1.0
2013-09-30,55.62,56.66,54.92,56.56,50.4784660682,71900,0.0000,1.0
2013-09-27,54.72,57.02,54.72,56.24,50.1928736152,64300,0.0000,1.0
2013-09-26,55.19,56.04,54.78,55.16,49.2289990863,123900,0.0000,1.0
2013-09-25,55.13,55.879,54.935,55.23,49.2914724354,43700,0.0000,1.0
2013-09-24,54.78,55.89,54.415,55.21,49.2736229071,67700,0.0000,1.0
2013-09-23,55.28,55.37,53.59,54.93,49.0237295107,72600,0.0000,1.0
2013-09-20,55.58,56.08,54.77,55.02,49.1040523881,110800,0.0000,1.0
2013-09-19,55.76,56.23,55.39,55.63,49.6484630016,54400,0.0000,1.0
2013-09-18,55.85,56.5,55.2,55.68,49.6930868224,104100,0.0000,1.0
2013-09-17,56.65,57.62,55.7401,56.01,49.9876040396,96700,0.0000,1.0
2013-09-16,57.01,57.31,56.41,56.41,50.3445946058,94400,0.0000,1.0
2013-09-13,57.11,57.11,55.3,56.59,50.5052403606,127600,0.0000,1.0
2013-09-12,57.58,57.58,56.73,56.88,50.7640585212,125600,0.0000,1.0
2013-09-11,57.02,58.3099,56.865,57.5,51.3173938989,115200,0.0000,1.0
2013-09-10,57.43,58.14,56.6,57.14,50.9961023892,126200,0.0000,1.0
2013-09-09,56.51,57.21,56.29,56.98,50.8533061627,103900,0.0000,1.0
2013-09-06,57.03,57.03,55.71,56.26,50.2107231435,42500,0.0000,1.0
2013-09-05,57.08,57.479,56.22,56.65,50.5587889456,45500,0.0000,1.0
2013-09-04,55.29,57.3,55.05,57.19,51.04072621,112900,0.0000,1.0
2013-09-03,54.96,56.32,54.96,55.56,49.5859896525,89400,0.0000,1.0
2013-08-30,55.86,55.86,54.15,54.35,48.5060931896,105800,0.0000,1.0
2013-08-29,54.23,56.05,54.23,55.93,49.9162059263,61600,0.0000,1.0
2013-08-28,54.14,54.35,53.44,54.28,48.4436198405,45300,0.0000,1.0
2013-08-27,53.5,54.57,53.5,54.29,48.4525446047,76800,0.0000,1.0
2013-08-26,54.96,55.409,53.91,54.24,48.4079207839,61000,0.0000,1.0
2013-08-23,54.24,55.26,53.75,54.99,49.0772780956,41900,0.0000,1.0
2013-08-22,53.74,54.9,53.72,54.24,48.4079207839,30300,0.0000,1.0
2013-08-21,53.41,54.15,53.15,53.74,47.9616825761,85400,0.0000,1.0
2013-08-20,54.24,54.58,53.62,53.71,47.9349082836,128700,0.0000,1.0
2013-08-19,55.2,55.4,54.32,54.33,48.4882436613,103500,0.0000,1.0
2013-08-16,53.17,55.62,52.88,55.31,49.3628705486,133100,0.0000,1.0
2013-08-15,54.86,55.14,53.49,53.6,47.8367358779,37800,0.0000,1.0
2013-08-14,55.5,55.78,54.79,55.45,49.4878172468,114400,0.0000,1.0
2013-08-13,54.5,55.85,53.29,55.76,49.7644849357,58900,0.0000,1.0
2013-08-12,53.28,55.035,53.28,54.39,48.5417922462,69500,0.0000,1.0
2013-08-09,54.26,55.13,53.53,53.65,47.8813596987,88400,0.0000,1.0
2013-08-08,54.84,55.55,53.53,54.24,48.4079207839,54400,0.0000,1.0
2013-08-07,54.4,55.3394,53.6,54.66,48.7827608785,95500,0.0000,1.0
2013-08-06,52.8,54.53,52.56,54.41,48.5596417746,189700,0.0000,1.0
2013-08-05,51.43,52.81,51.43,52.81,47.1316795095,162900,0.0000,1.0
2013-08-02,51.43,53.08,50.49,51.35,45.8286639427,92400,0.0000,1.0
2013-08-01,49.22,51.78,49.184,51.28,45.7661905936,108000,0.0000,1.0
2013-07-31,49.07,49.53,48.51,49.01,43.7402691301,209300,0.0000,1.0
2013-07-30,49.13,49.64,48.41,48.94,43.677795781,62500,0.0000,1.0
2013-07-29,48.32,49.51,48.32,48.9,43.6420967244,82700,0.0000,1.0
2013-07-26,49.23,50.0,48.32,48.81,43.561773847,66800,0.0000,1.0
2013-07-25,46.26,50.29,46.26,49.72,44.3739273852,164700,0.0000,1.0
2013-07-24,47.87,48.3,44.63,46.49,41.4912285627,145200,0.0000,1.0
2013-07-23,44.0,49.68,43.97,47.93,42.7763946013,267900,0.0000,1.0
2013-07-22,44.43,44.9,43.57,43.97,39.2421879954,98000,0.0000,1.0
2013-07-19,43.55,44.45,42.8,44.27,39.50993092,97300,0.0000,1.0
2013-07-18,42.66,43.79,42.33,43.58,38.8941221933,33000,0.0000,1.0
2013-07-17,43.73,43.73,42.12,42.43,37.8677743153,85600,0.0000,1.0
2013-07-16,44.06,44.275,43.23,43.39,38.7245516743,51400,0.0000,1.0
2013-07-15,43.83,44.47,43.3,44.15,39.4028337502,71500,0.0000,1.0
2013-07-12,44.36,44.88,43.12,43.86,39.1440155896,42900,0.0000,1.0
2013-07-11,44.25,45.65,43.84,44.55,39.7598243164,102300,0.0000,1.0
2013-07-10,43.12,44.02,42.86,43.33,38.6710030893,51600,0.0000,1.0
2013-07-09,42.57,43.07,41.8075,43.02,38.3943354005,45500,0.0000,1.0
2013-07-08,42.37,42.63,42.2,42.36,37.8053009662,98700,0.0000,1.0
2013-07-05,42.63,42.63,41.55,42.15,37.6178809189,39800,0.0000,1.0
2013-07-03,42.46,42.55,41.89,42.02,37.5018589849,43400,0.0000,1.0
2013-07-02,43.1,43.29,42.28,42.83,38.2247648815,51500,0.0000,1.0
2013-07-01,42.09,43.86,42.09,43.31,38.653153561,69500,0.0000,1.0
2013-06-28,41.38,42.0,40.98,41.65,37.1716427111,410600,0.0000,1.0
2013-06-27,41.36,42.0,41.16,41.55,37.0823950695,51600,0.0000,1.0
2013-06-26,41.45,41.81,40.49,41.07,36.65400639,83700,0.0000,1.0
2013-06-25,40.81,41.68,40.43,41.41,36.9574483713,83400,0.0000,1.0
2013-06-24,40.19,41.39,39.83,40.46,36.1095957765,107000,0.0000,1.0
2013-06-21,41.2,41.22,39.58,40.49,36.136370069,145400,0.0000,1.0
2013-06-20,40.85,41.19,39.76,41.0,36.5915330409,215500,0.0000,1.0
2013-06-19,42.09,42.09,40.37,41.31,36.8682007298,118100,0.0000,1.0
2013-06-18,41.84,42.35,41.84,42.0,37.4840094566,88100,0.0000,1.0
2013-06-17,43.4,43.78,41.505,41.84,37.3412132301,115200,0.0000,1.0
2013-06-14,43.2,44.04,42.98,43.14,38.5014325704,78300,0.0000,1.0
2013-06-13,44.41,44.41,43.284,43.46,38.7870250234,119700,0.0000,1.0
2013-06-12,45.87,46.05,44.28,44.53,39.7419747881,77800,0.0000,1.0
2013-06-11,45.49,45.86,45.28,45.44,40.5541283263,92900,0.0000,1.0
2013-06-10,46.12,47.42,45.59,46.03,41.0806894116,62600,0.0000,1.0
2013-06-07,45.09,46.05,44.46,45.82,40.8932693643,115500,0.0000,1.0
2013-06-06,43.77,44.79,43.64,44.69,39.8847710146,54600,0.0000,1.0
2013-06-05,44.67,44.67,42.6,43.89,39.1707898821,213900,0.0000,1.0
2013-06-04,44.93,45.36,44.63,44.85,40.0275672411,141600,0.0000,1.0
2013-06-03,43.8,45.11,43.19,45.0,40.1614387035,122400,0.0000,1.0
2013-05-31,43.96,44.585,43.56,43.56,38.8762726649,101900,0.0000,1.0
2013-05-30,43.8,44.35,43.45,44.205,39.451919953,166400,0.0000,1.0
2013-05-29,44.27,44.7499,43.405,43.66,38.9655203065,75700,0.0000,1.0
2013-05-28,44.77,45.36,44.28,44.62,39.8222976655,116100,0.0000,1.0
2013-05-24,43.19,44.25,42.93,44.15,39.4028337502,37800,0.0000,1.0
2013-05-23,42.7,43.37,42.47,43.36,38.6977773818,123500,0.0000,1.0
2013-05-22,44.74,45.125,42.91,43.11,38.4746582779,168200,0.0000,1.0
2013-05-21,45.0,45.6,44.77,45.13,40.2774606375,109100,0.0000,1.0
2013-05-20,43.38,45.3,42.34,45.06,40.2149872884,208300,0.0000,1.0
2013-05-17,43.23,45.94,43.22,44.47,39.6884262032,332400,0.0000,1.0
2013-05-16,42.29,43.2025,42.06,42.34,37.7874514379,57700,0.0000,1.0
2013-05-15,42.58,42.86,41.78,42.05,37.5286332773,108500,0.0000,1.0
2013-05-14,40.58,42.62,40.57,42.6,38.0194953059,119500,0.0000,1.0
2013-05-13,39.88,40.24,39.595,40.16,35.8418528518,197700,0.0000,1.0
2013-05-10,38.49,40.15,38.45,40.09,35.7793795027,211400,0.0000,1.0
2013-05-09,37.03,39.0,37.03,38.45,34.3157181811,126600,0.0000,1.0
2013-05-08,36.08,37.46,35.71,37.11,33.1197997841,109200,0.0000,1.0
2013-05-07,36.07,36.195,35.59,35.97,32.1023766703,71800,0.0000,1.0
2013-05-06,36.14,36.46,35.55,36.1,32.2183986043,75600,0.0000,1.0
2013-05-03,36.19,36.97,36.19,36.25,32.3522700667,100600,0.0000,1.0
2013-05-02,35.38,36.12,35.2,35.83,31.9774299721,62300,0.0000,1.0
2013-05-01,35.18,35.67,34.94,35.15,31.3705460095,151500,0.0000,1.0
2013-04-30,36.29,36.49,35.31,35.42,31.6115146417,105700,0.0000,1.0
2013-04-29,36.01,36.695,36.01,36.44,32.5218405856,37500,0.0000,1.0
2013-04-26,36.72,36.72,35.98,36.0,32.1291509628,83000,0.0000,1.0
2013-04-25,35.81,37.51,35.77,36.74,32.7895835103,109400,0.0000,1.0
2013-04-24,35.46,36.0,34.35,35.81,31.9595804438,172500,0.0000,1.0
2013-04-23,31.7,35.46,31.7,35.04,31.2723736038,499100,0.0000,1.0
2013-04-22,30.28,30.68,29.41,29.68,26.488700016,38000,0.0000,1.0
2013-04-19,29.96,30.45,29.94,30.34,27.0777344503,39400,0.0000,1.0
2013-04-18,31.07,31.4,29.79,30.0,26.774292469,90000,0.0000,1.0
2013-04-17,30.61,31.08,30.61,31.01,27.6756936488,76700,0.0000,1.0
2013-04-16,30.2,30.9,29.97,30.81,27.4971983656,52100,0.0000,1.0
2013-04-15,29.52,30.23,29.44,30.01,26.7832172331,133000,0.0000,1.0
2013-04-12,29.94,29.94,29.33,29.64,26.4530009593,98700,0.0000,1.0
2013-04-11,28.98,30.15,28.84,29.88,26.6671952991,84900,0.0000,1.0
2013-04-10,28.75,29.16,28.75,28.92,25.8104179401,91900,0.0000,1.0
2013-04-09,28.81,29.07,28.49,28.6,25.5248254871,61400,0.0000,1.0
2013-04-08,29.24,29.24,28.58,28.72,25.631922657,46800,0.0000,1.0
2013-04-05,29.6,29.76,29.0301,29.1,25.9710636949,52700,0.0000,1.0
2013-04-04,30.07,30.07,29.7,29.93,26.7118191199,77100,0.0000,1.0
2013-04-03,30.33,30.72,29.72,29.94,26.720743884,38500,0.0000,1.0
2013-04-02,30.53,30.53,29.701,30.21,26.9617125163,70300,0.0000,1.0
2013-04-01,31.19,31.24,30.17,30.57,27.2830040259,46800,0.0000,1.0
2013-03-28,31.48,31.54,30.73,31.14,27.7917155828,63100,0.0000,1.0
2013-03-27,31.74,31.82,31.12,31.42,28.0416089792,39300,0.0000,1.0
2013-03-26,32.85,32.85,31.62,32.04,28.5949443569,46000,0.0000,1.0
2013-03-25,32.9,33.31,32.25,32.66,29.1482797346,71300,0.0000,1.0
2013-03-22,32.6,32.74,31.9,32.55,29.0501073288,45900,0.0000,1.0
2013-03-21,32.49,33.25,32.33,32.42,28.9340853948,79200,0.0000,1.0
2013-03-20,32.43,32.9,32.27,32.71,29.1929035553,20800,0.0000,1.0
2013-03-19,32.25,32.61,32.11,32.35,28.8716120457,33200,0.0000,1.0
2013-03-18,32.59,33.03,32.095,32.28,28.8091386966,77600,0.0000,1.0
2013-03-15,32.59,33.11,32.58,33.01,29.46064648,163600,0.0000,1.0
2013-03-14,32.35,32.99,32.25,32.48,28.9876339797,80800,0.0000,1.0
2013-03-13,32.32,32.71,32.3,32.35,28.8716120457,51300,0.0000,1.0
2013-03-12,31.69,32.33,31.62,32.29,28.8180634608,64700,0.0000,1.0
2013-03-11,31.73,31.95,31.41,31.66,28.2558033189,40800,0.0000,1.0
2013-03-08,32.07,32.24,31.57,31.72,28.3093519039,54900,0.0000,1.0
2013-03-07,31.44,31.81,31.251,31.76,28.3450509605,39300,0.0000,1.0
2013-03-06,31.17,31.58,31.12,31.47,28.0862327999,76300,0.0000,1.0
2013-03-05,31.58,31.85,30.84,31.12,27.7738660545,128100,0.0000,1.0
2013-03-04,31.75,31.88,31.0,31.4,28.0237594509,148400,0.0000,1.0
2013-03-01,31.36,31.93,31.205,31.66,28.2558033189,59500,0.0000,1.0
2013-02-28,31.74,32.06,31.35,31.66,28.2558033189,100900,0.0000,1.0
2013-02-27,31.31,31.94,31.07,31.68,28.2736528472,204800,0.0000,1.0
2013-02-26,32.32,32.32,30.97,31.27,27.9077375168,99000,0.0000,1.0
2013-02-25,32.62,32.72,32.15,32.32,28.8448377532,158300,0.0000,1.0
2013-02-22,32.47,32.66,32.1,32.39,28.9073111023,139100,0.0000,1.0
2013-02-21,32.55,32.9,32.04,32.26,28.7912891683,56300,0.0000,1.0
2013-02-20,33.08,33.36,32.56,32.6,29.0947311496,297000,0.0000,1.0
2013-02-19,32.15,33.21,32.15,32.9,29.3624740743,66400,0.0000,1.0
2013-02-15,32.63,32.63,31.72,32.03,28.5860195927,87800,0.0000,1.0
2013-02-14,33.0,33.23,32.29,32.44,28.9519349231,104900,0.0000,1.0
2013-02-13,31.22,31.97,31.22,31.97,28.5324710078,137700,0.0000,1.0
2013-02-12,31.93,32.28,30.34,31.56,28.1665556774,263100,0.0000,1.0
2013-02-11,29.93,32.116,29.93,32.01,28.5681700644,240800,0.0000,1.0
2013-02-08,30.04,30.36,29.67,29.89,26.6761200632,86600,0.0000,1.0
2013-02-07,28.37,30.36,28.37,30.04,26.8099915256,172700,0.0000,1.0
2013-02-06,27.46,27.88,27.32,27.82,24.8286938829,169200,0.0000,1.0
2013-02-05,27.4,27.61,27.25,27.46,24.5074023733,258200,0.0000,1.0
2013-02-04,27.29,27.54,27.17,27.28,24.3467566184,119600,0.0000,1.0
2013-02-01,27.4,27.62,26.96,27.44,24.489552845,133500,0.0000,1.0
2013-01-31,27.64,27.64,27.15,27.32,24.3824556751,109200,0.0000,1.0
2013-01-30,27.85,28.02,27.5,27.6,24.6323490715,51900,0.0000,1.0
2013-01-29,28.35,28.35,27.68,27.83,24.837618647,64400,0.0000,1.0
2013-01-28,28.17,28.73,28.06,28.48,25.4177283172,49900,0.0000,1.0
2013-01-25,28.66,28.66,27.745,28.22,25.1856844491,46500,0.0000,1.0
2013-01-24,27.61,28.74,27.18,28.64,25.5605245437,52700,0.0000,1.0
2013-01-23,28.05,28.21,27.62,27.77,24.7840700621,52500,0.0000,1.0
2013-01-22,27.86,28.2458,27.78,28.07,25.0518129868,60800,0.0000,1.0
2013-01-18,27.78,28.18,27.58,27.91,24.9090167603,83800,0.0000,1.0
2013-01-17,28.06,28.06,27.6,27.85,24.8554681754,87700,0.0000,1.0
2013-01-16,28.15,28.23,27.6,27.9,24.9000919961,113800,0.0000,1.0
2013-01-15,28.03,28.2,27.94,28.14,25.1142863359,54400,0.0000,1.0
2013-01-14,28.19,28.43,27.93,28.1,25.0785872793,77400,0.0000,1.0
2013-01-11,28.17,28.45,27.76,28.19,25.1589101567,63800,0.0000,1.0
2013-01-10,28.24,28.3,27.88,28.11,25.0875120434,40700,0.0000,1.0
2013-01-09,28.7,29.17,28.0,28.18,25.1499853925,118700,0.0000,1.0
2013-01-08,29.07,29.5875,28.94,29.28,26.1317094497,162600,0.0000,1.0
2013-01-07,29.53,29.79,28.75,29.15,26.0156875157,112900,0.0000,1.0
2013-01-04,29.44,30.06,29.44,29.83,26.6225714783,101600,0.0000,1.0
2013-01-03,29.0,29.63,28.67,29.32,26.1674085063,112200,0.0000,1.0
2013-01-02,28.72,29.34,28.72,28.89,25.7836436476,159200,0.0000,1.0
2012-12-31,28.12,28.53,27.76,28.23,25.1946092133,99600,0.0000,1.0
2012-12-28,27.79,28.26,27.6225,28.12,25.0964368076,57900,0.0000,1.0
2012-12-27,27.8,28.125,27.61,27.96,24.9536405811,82200,0.0000,1.0
2012-12-26,28.19,28.19,27.57,27.87,24.8733177037,53000,0.0000,1.0
2012-12-24,28.49,28.54,27.0001,28.07,25.0518129868,54700,0.0000,1.0
2012-12-21,28.58,28.98,28.06,28.65,25.5694493079,320200,0.0000,1.0
2012-12-20,29.36,29.36,28.48,28.8784,25.7732909212,143800,0.0000,1.0
2012-12-19,29.84,29.84,29.32,29.42,26.2566561479,75300,0.0000,1.0
2012-12-18,29.33,30.28,28.99,29.74,26.5422486009,184600,0.0000,1.0
2012-12-17,28.98,29.48,28.67,29.26,26.1138599214,66000,0.0000,1.0
2012-12-14,28.75,29.21,28.3642,28.94,25.8282674684,48600,0.0000,1.0
2012-12-13,28.68,29.08,28.52,28.88,25.7747188835,44400,0.0000,1.0
2012-12-12,28.98,29.33,28.601,28.65,25.5694493079,62500,0.0000,1.0
2012-12-11,28.31,29.14,28.04,28.97,25.8550417609,91200,0.0000,1.0
2012-12-10,28.5,28.5,27.95,28.14,25.1142863359,119100,0.0000,1.0
2012-12-07,28.91,29.17,28.49,28.58,25.5069759588,87100,0.0000,1.0
2012-12-06,28.62,29.16,28.47,28.83,25.7300950627,125400,0.0000,1.0
2012-12-05,28.84,29.1,28.69,28.71,25.6229978928,92800,0.0000,1.0
2012-12-04,27.65,28.72,27.61,28.68,25.5962236003,149700,0.0000,1.0
2012-12-03,27.76,27.94,27.39,27.68,24.7037471847,121300,0.0000,1.0
2012-11-30,27.61,27.82,27.32,27.67,24.6948224205,218900,0.0000,1.0
2012-11-29,27.31,27.66,27.04,27.56,24.5966500148,244700,0.0000,1.0
2012-11-28,27.24,27.307,26.38,27.13,24.2128851561,183200,0.0000,1.0
2012-11-27,27.46,28.4802,27.2601,27.39,24.4449290242,234800,0.0000,1.0
2012-11-26,27.41,27.505,27.22,27.48,24.5252519016,153600,0.0000,1.0
2012-11-23,27.67,27.67,27.24,27.42,24.4717033166,91300,0.0000,1.0
2012-11-21,27.83,28.05,27.34,27.53,24.5698757224,91300,0.0000,1.0
2012-11-20,28.02,28.26,27.68,27.8,24.8108443546,56700,0.0000,1.0
2012-11-19,28.23,28.57,27.94,28.16,25.1321358642,70000,0.0000,1.0
2012-11-16,28.34,28.34,27.74,27.89,24.891167232,80900,0.0000,1.0
2012-11-15,28.04,28.7,27.59,28.38,25.3284806756,152500,0.0000,1.0
2012-11-14,28.28,28.8506,27.73,27.95,24.9447158169,69000,0.0000,1.0
2012-11-13,28.46,29.8015,28.14,28.28,25.2392330341,133300,0.0000,1.0
2012-11-12,28.84,29.5772,27.92,28.57,25.4980511946,87800,0.0000,1.0
2012-11-09,28.33,29.0716,27.99,28.66,25.578374072,129500,0.0000,1.0
2012-11-08,29.49,30.2564,28.63,28.72,25.631922657,64800,0.0000,1.0
2012-11-07,30.46,30.7918,28.6,29.46,26.2923552045,132500,0.0000,1.0
2012-11-06,30.0,30.91,29.81,30.88,27.5596717147,196900,0.0000,1.0
2012-11-05,30.62,31.355,29.65,30.34,27.0777344503,109500,0.0000,1.0
2012-11-02,32.09,32.09,30.79,31.09,27.747091762,109100,0.0000,1.0
2012-11-01,31.19,32.12,30.82,31.55,28.1576309132,156100,0.0000,1.0
2012-10-31,31.8,32.3399,30.57,31.22,27.863113696,249200,0.0000,1.0
2012-10-26,31.82,32.03,31.21,31.74,28.3272014322,161800,0.0000,1.0
2012-10-25,32.73,33.07,31.5701,31.71,28.3004271397,197800,0.0000,1.0
2012-10-24,34.06,34.06,32.3,32.52,29.0233330364,110000,0.0000,1.0
2012-10-23,34.25,35.26,30.98,33.99,30.3352733673,414000,0.0000,1.0
2012-10-22,33.94,34.48,33.64,34.02,30.3620476598,121000,0.0000,1.0
2012-10-19,34.37,34.42,33.25,33.92,30.2728000182,151500,0.0000,1.0
2012-10-18,34.81,35.1,34.27,34.47,30.7636620468,113200,0.0000,1.0
2012-10-17,35.12,35.77,34.13,34.74,31.0046306791,149900,0.0000,1.0
2012-10-16,36.91,37.15,36.1,36.29,32.3879691233,90800,0.0000,1.0
2012-10-15,36.88,37.49,36.73,36.86,32.8966806802,73200,0.0000,1.0
2012-10-12,37.44,37.8899,36.43,36.68,32.7360349254,58700,0.0000,1.0
2012-10-11,36.87,38.16,36.87,37.53,33.4946398787,50900,0.0000,1.0
2012-10-10,37.52,38.15,36.43,36.73,32.7806587462,63400,0.0000,1.0
2012-10-09,35.94,38.27,35.94,37.58,33.5392636995,179100,0.0000,1.0
2012-10-08,35.65,36.51,35.4817,36.01,32.1380757269,54700,0.0000,1.0
2012-10-05,36.07,36.57,35.65,35.9,32.0399033212,72700,0.0000,1.0
2012-10-04,35.46,36.28,35.04,36.06,32.1826995477,81000,0.0000,1.0
2012-10-03,36.0643,36.41,34.7,35.03,31.2634488396,79200,0.0000,1.0
2012-10-02,36.29,36.5,35.72,36.43,32.5129158215,52600,0.0000,1.0
2012-10-01,35.29,36.545,35.29,36.21,32.31657101,80000,0.0000,1.0
2012-09-28,35.14,35.38,34.48,35.06,31.2902231321,66400,0.0000,1.0
2012-09-27,34.95,35.57,34.95,35.36,31.5579660568,24100,0.0000,1.0
2012-09-26,34.84,35.36,34.65,34.81,31.0671040282,50600,0.0000,1.0
2012-09-25,36.45,36.45,34.6,34.79,31.0492544998,136200,0.0000,1.0
2012-09-24,35.17,36.8,35.1649,36.24,32.3433453025,127300,0.0000,1.0
2012-09-21,36.05,36.5,34.99,35.66,31.8257089814,478800,0.0000,1.0
2012-09-20,35.0,35.9,34.42,35.51,31.6918375191,109200,0.0000,1.0
2012-09-19,35.26,35.89,34.85,35.15,31.3705460095,119400,0.0000,1.0
2012-09-18,35.4,35.4,34.83,35.28,31.4865679435,113300,0.0000,1.0
2012-09-17,36.55,37.0,35.27,35.61,31.7810851607,78100,0.0000,1.0
2012-09-14,36.23,36.87,35.72,36.78,32.825282567,117800,0.0000,1.0
2012-09-13,34.58,36.28,33.78,35.95,32.084527142,193500,0.0000,1.0
2012-09-12,34.66,34.93,34.3,34.47,30.7636620468,73900,0.0000,1.0
2012-09-11,34.04,34.97,33.76,34.52,30.8082858676,66700,0.0000,1.0
2012-09-10,33.89,34.31,33.59,34.11,30.4423705372,110500,0.0000,1.0
2012-09-07,33.33,34.17,33.2601,34.03,30.370972424,104300,0.0000,1.0
2012-09-06,31.7,33.55,31.7,33.41,29.8176370463,81800,0.0000,1.0
2012-09-05,31.32,32.03,31.0001,31.67,28.2647280831,121400,0.0000,1.0
2012-09-04,31.1,31.56,30.758,31.49,28.1040823283,165800,0.0000,1.0
2012-08-31,31.36,31.4876,30.8417,31.07,27.7292422337,118800,0.0000,1.0
2012-08-30,31.48,31.6965,31.01,31.35,27.9791356301,50700,0.0000,1.0
2012-08-29,31.8,31.97,31.41,31.7,28.2915023755,63600,0.0000,1.0
2012-08-28,32.3695,32.3695,31.545,31.84,28.4164490737,65400,0.0000,1.0
2012-08-27,31.99,32.1964,31.59,31.79,28.371825253,51100,0.0000,1.0
2012-08-24,32.33,32.49,31.545,31.94,28.5056967153,117300,0.0000,1.0
2012-08-23,32.92,32.9272,31.85,32.31,28.8359129891,143700,0.0000,1.0
2012-08-22,34.05,34.05,32.86,32.89,29.3535493101,98400,0.0000,1.0
2012-08-21,33.31,34.53,32.99,34.05,30.3888219523,88200,0.0000,1.0
2012-08-20,33.25,33.58,32.71,33.3,29.7194646406,63700,0.0000,1.0
2012-08-17,32.805,33.59,32.4,33.365,29.7774756076,79400,0.0000,1.0
2012-08-16,32.13,33.16,31.6,32.89,29.3535493101,63400,0.0000,1.0
2012-08-15,31.1,32.24,30.91,32.11,28.657417706,55200,0.0000,1.0
2012-08-14,31.05,31.5,30.77,31.1,27.7560165262,109000,0.0000,1.0
2012-08-13,31.37,31.43,30.93,31.07,27.7292422337,75000,0.0000,1.0
2012-08-10,31.33,31.63,31.0934,31.29,27.9255870451,96000,0.0000,1.0
2012-08-09,31.15,31.67,30.4291,31.49,28.1040823283,107800,0.0000,1.0
2012-08-08,30.2,31.905,30.2,31.35,27.9791356301,190200,0.0000,1.0
2012-08-07,30.11,30.92,29.8,30.08,26.8456905822,206800,0.0000,1.0
2012-08-06,29.09,30.438,28.9146,29.95,26.7296686482,158300,0.0000,1.0
2012-08-03,27.64,29.72,27.2656,29.12,25.9889132232,441600,0.0000,1.0
2012-08-02,26.82,27.44,26.4,27.33,24.3913804392,167200,0.0000,1.0
2012-08-01,26.53,27.43,26.16,27.0,24.0968632221,208100,0.0000,1.0
2012-07-31,25.9,26.67,25.81,26.52,23.6684745426,402300,0.0000,1.0
2012-07-30,26.24,26.85,25.94,26.02,23.2222363348,217000,0.0000,1.0
2012-07-27,26.52,26.62,26.13,26.24,23.4185811462,173200,0.0000,1.0
2012-07-26,27.86,27.86,26.31,26.41,23.5703021368,193200,0.0000,1.0
2012-07-25,28.56,28.97,27.0,27.89,24.891167232,265000,0.0000,1.0
2012-07-24,27.52,28.88,27.01,28.47,25.4088035531,462600,0.0000,1.0
2012-07-23,28.7,28.8,28.34,28.42,25.3641797323,95100,0.0000,1.0
2012-07-20,28.9,29.35,28.79,29.04,25.91751511,75100,0.0000,1.0
2012-07-19,28.9,29.48,28.81,29.02,25.8996655816,111800,0.0000,1.0
2012-07-18,28.98,29.84,28.72,28.86,25.7568693551,102400,0.0000,1.0
2012-07-17,29.55,29.86,28.63,29.01,25.8907408175,86300,0.0000,1.0
2012-07-16,29.26,29.84,29.24,29.69,26.4976247801,217100,0.0000,1.0
2012-07-13,29.88,30.18,29.15,29.24,26.0960103931,99300,0.0000,1.0
2012-07-12,30.28,30.5279,29.8,29.88,26.6671952991,133400,0.0000,1.0
2012-07-11,31.15,31.38,30.23,30.54,27.2562297334,154100,0.0000,1.0
2012-07-10,33.09,33.2778,30.94,31.1,27.7560165262,161000,0.0000,1.0
2012-07-09,33.95,34.27,33.28,33.34,29.7551636972,123600,0.0000,1.0
2012-07-06,34.01,34.46,34.01,34.1,30.4334457731,126500,0.0000,1.0
2012-07-05,34.66,34.9,34.29,34.33,30.6387153487,68300,0.0000,1.0
2012-07-03,34.89,35.19,34.62,34.75,31.0135554432,73600,0.0000,1.0
2012-07-02,35.1,35.3954,34.28,34.83,31.0849535565,221700,0.0000,1.0
2012-06-29,34.91,34.91,34.238,34.76,31.0224802074,93400,0.0000,1.0
2012-06-28,34.16,34.37,33.57,34.26,30.5762419996,59200,0.0000,1.0
2012-06-27,33.82,34.4,33.52,34.28,30.5940915279,86000,0.0000,1.0
2012-06-26,33.58,34.14,33.29,33.68,30.0586056785,99700,0.0000,1.0
2012-06-25,32.94,33.7,32.71,33.29,29.7105398764,90100,0.0000,1.0
2012-06-22,32.99,33.99,32.63,33.42,29.8265618104,94900,0.0000,1.0
2012-06-21,33.36,33.52,32.61,32.93,29.3892483668,69800,0.0000,1.0
2012-06-20,33.08,33.99,32.79,33.46,29.8622608671,123500,0.0000,1.0
2012-06-19,32.25,33.39,32.13,33.28,29.7016151122,117800,0.0000,1.0
2012-06-18,32.04,32.5,31.81,32.06,28.6127938852,71900,0.0000,1.0
2012-06-15,31.17,32.25,30.96,32.16,28.7020415267,158100,0.0000,1.0
2012-06-14,31.02,31.73,30.7,31.29,27.9255870451,64900,0.0000,1.0
2012-06-13,31.5,31.78,30.81,30.98,27.6489193563,100000,0.0000,1.0
2012-06-12,32.02,32.02,30.98,31.64,28.2379537906,75500,0.0000,1.0
2012-06-11,32.97,33.0,31.69,31.74,28.3272014322,113200,0.0000,1.0
2012-06-08,31.96,32.88,31.47,32.59,29.0858063855,79000,0.0000,1.0
2012-06-07,32.25,32.61,31.89,32.03,28.5860195927,88300,0.0000,1.0
2012-06-06,30.52,32.09,30.51,31.98,28.5413957719,86600,0.0000,1.0
2012-06-05,29.75,30.47,29.6205,30.45,27.175906856,93300,0.0000,1.0
2012-06-04,29.95,30.27,29.61,29.97,26.7475181765,88900,0.0000,1.0
2012-06-01,30.03,30.73,29.82,29.83,26.6225714783,149300,0.0000,1.0
2012-05-31,31.09,31.34,30.19,30.71,27.4079507241,135900,0.0000,1.0
2012-05-30,31.4,31.5399,30.98,30.98,27.6489193563,66100,0.0000,1.0
2012-05-29,31.4,32.0,31.25,31.78,28.3629004888,55600,0.0000,1.0
2012-05-25,30.52,31.4,30.52,31.27,27.9077375168,63800,0.0000,1.0
2012-05-24,30.69,31.06,30.3,30.63,27.3365526108,56800,0.0000,1.0
2012-05-23,29.59,30.95,29.3473,30.77,27.461499309,71400,0.0000,1.0
2012-05-22,30.81,31.18,29.74,29.87,26.6582705349,102200,0.0000,1.0
2012-05-21,30.46,31.06,30.19,30.86,27.5418221864,84300,0.0000,1.0
2012-05-18,30.67,30.98,30.24,30.44,27.1669820918,118000,0.0000,1.0
2012-05-17,30.69,31.3,30.66,30.72,27.4168754882,132400,0.0000,1.0
2012-05-16,30.71,31.29,30.46,30.79,27.4793488373,143000,0.0000,1.0
2012-05-15,30.28,30.88,30.08,30.67,27.3722516674,117400,0.0000,1.0
2012-05-14,29.14,30.11,29.14,30.11,26.8724648747,135000,0.0000,1.0
2012-05-11,29.85,30.18,29.31,29.45,26.2834304404,70800,0.0000,1.0
2012-05-10,30.57,30.66,30.11,30.28,27.0241858653,49000,0.0000,1.0
2012-05-09,30.15,30.8,30.04,30.31,27.0509601578,115000,0.0000,1.0
2012-05-08,30.08,30.59,29.98,30.45,27.175906856,101200,0.0000,1.0
2012-05-07,29.98,30.43,29.8,30.19,26.9438629879,117100,0.0000,1.0
2012-05-04,30.22,30.299,29.8001,30.0,26.774292469,83900,0.0000,1.0
2012-05-03,30.67,30.94,30.07,30.35,27.0866592144,107200,0.0000,1.0
2012-05-02,30.58,30.89,30.0175,30.77,27.461499309,200000,0.0000,1.0
2012-05-01,32.75,32.75,30.79,30.85,27.5328974223,384200,0.0000,1.0
2012-04-30,32.77,33.11,32.56,32.71,29.1929035553,92400,0.0000,1.0
2012-04-27,31.83,33.07,31.24,32.98,29.4338721876,135000,0.0000,1.0
2012-04-26,31.49,33.02,31.49,31.8,28.3807500171,226100,0.0000,1.0
2012-04-25,31.01,31.75,30.8,31.52,28.1308566207,316100,0.0000,1.0
2012-04-24,34.25,34.25,30.06,31.38,28.0059099225,443000,0.0000,1.0
2012-04-23,33.96,34.65,33.79,34.41,30.7101134619,132100,0.0000,1.0
2012-04-20,35.1,35.1,34.19,34.32,30.6297905845,84100,0.0000,1.0
2012-04-19,34.28,34.8,34.15,34.54,30.8261353959,72200,0.0000,1.0
2012-04-18,34.55,34.66,34.05,34.41,30.7101134619,137000,0.0000,1.0
2012-04-17,34.51,35.64,34.39,34.67,30.94215733,145800,0.0000,1.0
2012-04-16,35.02,35.04,34.11,34.26,30.5762419996,83200,0.0000,1.0
2012-04-13,35.19,35.19,34.61,34.78,31.0403297357,112400,0.0000,1.0
2012-04-12,34.59,35.5381,34.5,35.42,31.6115146417,92100,0.0000,1.0
2012-04-11,34.42,35.13,34.37,34.57,30.8529096884,81600,0.0000,1.0
2012-04-10,34.74,34.79,34.15,34.21,30.5316181788,115700,0.0000,1.0
2012-04-09,34.76,35.11,34.03,34.68,30.9510820941,117000,0.0000,1.0
2012-04-05,35.29,35.67,35.085,35.21,31.4240945944,58700,0.0000,1.0
2012-04-04,35.73,36.03,35.09,35.33,31.5311917643,82700,0.0000,1.0
2012-04-03,36.65,36.98,35.75,35.95,32.084527142,95500,0.0000,1.0
2012-04-02,35.94,36.92,35.46,36.86,32.8966806802,150900,0.0000,1.0
2012-03-30,36.18,36.29,35.55,35.95,32.084527142,146000,0.0000,1.0
2012-03-29,35.59,36.03,35.4001,35.85,31.9952795004,161700,0.0000,1.0
2012-03-28,36.37,36.75,35.42,35.69,31.8524832739,211900,0.0000,1.0
2012-03-27,37.84,37.87,36.27,36.43,32.5129158215,292000,0.0000,1.0
2012-03-26,37.8,38.33,37.65,38.07,33.9765771431,136400,0.0000,1.0
2012-03-23,37.64,37.73,37.25,37.42,33.396467473,181900,0.0000,1.0
2012-03-22,38.17,38.37,37.47,37.73,33.6731351618,102500,0.0000,1.0
2012-03-21,38.21,38.7886,37.86,38.5,34.3603420018,106400,0.0000,1.0
2012-03-20,38.27,38.53,37.85,38.2,34.0925990772,77900,0.0000,1.0
2012-03-19,38.23,38.97,38.14,38.56,34.4138905868,122700,0.0000,1.0
2012-03-16,37.98,38.53,37.9,38.2,34.0925990772,113600,0.0000,1.0
2012-03-15,38.14,38.5624,37.29,37.97,33.8873295016,209500,0.0000,1.0
2012-03-14,38.48,38.95,37.75,38.09,33.9944266714,126400,0.0000,1.0
2012-03-13,38.54,38.92,38.05,38.61,34.4585144076,208500,0.0000,1.0
2012-03-12,38.7,38.93,38.23,38.36,34.2353953037,61600,0.0000,1.0
2012-03-09,38.02,39.5,37.82,38.83,34.654859219,103300,0.0000,1.0
2012-03-08,37.78,38.2,37.5,38.09,33.9944266714,101500,0.0000,1.0
2012-03-07,37.5,37.93,37.2238,37.64,33.5928122844,178100,0.0000,1.0
2012-03-06,37.62,38.37,37.4,37.495,33.4634032041,137700,0.0000,1.0
2012-03-05,37.68,38.28,37.08,38.04,33.9498028507,169000,0.0000,1.0
2012-03-02,38.54,39.0239,37.54,37.65,33.6017370486,243300,0.0000,1.0
2012-03-01,39.07,39.8,38.64,38.68,34.5209877567,72100,0.0000,1.0
2012-02-29,39.05,39.77,38.735,38.8,34.6280849265,187400,0.0000,1.0
2012-02-28,40.58,41.11,38.59,38.81,34.6370096907,412700,0.0000,1.0
2012-02-27,41.14,41.73,40.92,41.36,36.9128245506,166500,0.0000,1.0
2012-02-24,41.51,41.8,40.92,41.45,36.993147428,93100,0.0000,1.0
2012-02-23,40.98,41.99,40.7034,41.5,37.0377712487,113300,0.0000,1.0
2012-02-22,41.64,41.81,41.04,41.07,36.65400639,74300,0.0000,1.0
2012-02-21,41.66,42.25,41.33,41.59,37.1180941261,233600,0.0000,1.0
2012-02-17,41.81,42.36,41.08,41.93,37.4215361075,208200,0.0000,1.0
2012-02-16,40.11,41.82,39.65,41.7,37.2162665319,237800,0.0000,1.0
2012-02-15,40.25,41.145,38.95,40.11,35.797229031,281400,0.0000,1.0
2012-02-14,43.35,44.71,38.16,39.44,35.1992698325,629400,0.0000,1.0
2012-02-13,44.72,45.7,44.58,45.35,40.4738054489,251300,0.0000,1.0
2012-02-10,44.57,45.01,44.27,44.31,39.5456299767,165300,0.0000,1.0
2012-02-09,45.28,45.35,44.6,44.795,39.9784810382,78700,0.0000,1.0
2012-02-08,44.53,45.45,44.26,45.26,40.3934825715,73600,0.0000,1.0
2012-02-07,44.5,45.05,44.01,44.45,39.6705766749,58800,0.0000,1.0
2012-02-06,44.77,45.19,43.92,44.62,39.8222976655,79400,0.0000,1.0
2012-02-03,44.86,45.59,44.69,45.04,40.1971377601,133600,0.0000,1.0
2012-02-02,44.75,45.0,43.66,44.75,39.9383195995,137700,0.0000,1.0
2012-02-01,42.54,44.98,42.39,44.92,40.0900405902,296900,0.0000,1.0
2012-01-31,42.91,43.11,41.59,42.33,37.7785266737,160600,0.0000,1.0
2012-01-30,42.73,43.12,42.24,42.66,38.0730438909,61400,0.0000,1.0
2012-01-27,42.39,43.47,42.31,43.13,38.4925078062,100300,0.0000,1.0
2012-01-26,43.48,43.48,42.3,42.84,38.2336896457,96900,0.0000,1.0
2012-01-25,42.88,43.59,42.65,43.41,38.7424012026,101500,0.0000,1.0
2012-01-24,42.32,42.85,42.01,42.75,38.1533667683,123100,0.0000,1.0
2012-01-23,43.38,43.43,41.71,42.44,37.8766990794,214600,0.0000,1.0
2012-01-20,40.92,41.86,40.68,41.23,36.7968026165,190800,0.0000,1.0
2012-01-19,40.73,41.7,40.67,40.8,36.4130377578,86500,0.0000,1.0
2012-01-18,41.87,41.87,39.72,40.69,36.3148653521,230100,0.0000,1.0
2012-01-17,40.75,41.97,40.4324,41.8,37.3055141734,231100,0.0000,1.0
2012-01-13,40.58,40.82,40.12,40.59,36.2256177105,145900,0.0000,1.0
2012-01-12,39.73,40.91,39.41,40.82,36.4308872861,87000,0.0000,1.0
2012-01-11,39.6,39.83,39.0,39.79,35.511636578,114700,0.0000,1.0
2012-01-10,38.9,39.93,38.73,39.64,35.3777651157,229500,0.0000,1.0
2012-01-09,37.97,38.51,37.63,38.42,34.2889438886,112800,0.0000,1.0
2012-01-06,36.78,37.98,36.58,37.85,33.7802323317,164100,0.0000,1.0
2012-01-05,36.64,36.96,35.78,36.67,32.7271101612,112200,0.0000,1.0
2012-01-04,36.36,36.96,36.11,36.78,32.825282567,162700,0.0000,1.0
2012-01-03,36.79,36.85,35.99,36.55,32.6200129914,175400,0.0000,1.0
2011-12-30,35.74,36.17,35.66,36.05,32.1737747835,134500,0.0000,1.0
2011-12-29,35.73,35.88,35.18,35.7,31.8614080381,85100,0.0000,1.0
2011-12-28,35.77,35.88,35.23,35.55,31.7275365757,109600,0.0000,1.0
2011-12-27,34.99,35.93,34.99,35.71,31.8703328022,55600,0.0000,1.0
2011-12-23,34.63,35.47,34.41,35.15,31.3705460095,217500,0.0000,1.0
2011-12-22,34.22,34.65,33.82,34.65,30.9243078017,164200,0.0000,1.0
2011-12-21,33.67,34.15,33.56,33.9,30.2549504899,85700,0.0000,1.0
2011-12-20,33.14,33.78,33.12,33.78,30.1478533201,119000,0.0000,1.0
2011-12-19,33.19,33.8,32.37,32.56,29.059032093,115000,0.0000,1.0
2011-12-16,34.14,34.19,32.89,33.01,29.46064648,265500,0.0000,1.0
2011-12-15,33.11,34.06,33.0825,33.72,30.0943047351,109400,0.0000,1.0
2011-12-14,33.17,33.55,32.69,32.75,29.228602612,115700,0.0000,1.0
2011-12-13,33.77,34.34,33.31,33.4,29.8087122821,153400,0.0000,1.0
2011-12-12,33.66,33.99,33.235,33.6,29.9872075652,118600,0.0000,1.0
2011-12-09,33.66,34.23,33.04,33.94,30.2906495466,139800,0.0000,1.0
2011-12-08,33.67,33.7499,33.1,33.19,29.6212922348,163400,0.0000,1.0
2011-12-07,33.46,34.25,32.95,33.83,30.1924771408,95800,0.0000,1.0
2011-12-06,33.98,34.13,33.54,33.67,30.0496809143,119100,0.0000,1.0
2011-12-05,34.02,34.06,33.44,33.96,30.3084990749,110100,0.0000,1.0
2011-12-02,33.88,33.88,33.21,33.41,29.8176370463,132200,0.0000,1.0
2011-12-01,33.88,34.47,33.37,33.43,29.8354865746,109200,0.0000,1.0
2011-11-30,33.79,34.23,33.47,34.0,30.3441981315,214900,0.0000,1.0
2011-11-29,32.53,33.08,32.43,32.65,29.1393549704,83300,0.0000,1.0
2011-11-28,32.99,33.16,32.16,32.59,29.0858063855,147400,0.0000,1.0
2011-11-25,31.83,32.55,31.7634,32.0,28.5592453002,52900,0.0000,1.0
2011-11-23,31.76,32.31,31.76,32.0,28.5592453002,152200,0.0000,1.0
2011-11-22,33.02,33.05,32.08,32.09,28.6395681776,100800,0.0000,1.0
2011-11-21,33.16,33.38,32.83,33.09,29.5320445933,161300,0.0000,1.0
2011-11-18,34.05,34.24,33.32,33.52,29.915809452,151800,0.0000,1.0
2011-11-17,34.22,34.75,33.71,33.93,30.2817247824,155000,0.0000,1.0
2011-11-16,34.0,34.75,33.99,34.305,30.6164034383,148400,0.0000,1.0
2011-11-15,33.97,34.87,33.62,34.4,30.7011886978,143800,0.0000,1.0
2011-11-14,34.34,35.29,34.07,34.27,30.5851667637,213500,0.0000,1.0
2011-11-11,34.64,34.68,34.35,34.5,30.7904363393,161000,0.0000,1.0
2011-11-10,34.13,34.94,33.77,34.41,30.7101134619,139300,0.0000,1.0
2011-11-09,33.66,34.24,33.15,33.57,29.9604332728,153500,0.0000,1.0
2011-11-08,34.73,34.74,33.28,34.54,30.8261353959,113700,0.0000,1.0
2011-11-07,34.29,35.18,33.7406,34.47,30.7636620468,90200,0.0000,1.0
2011-11-04,34.15,34.64,33.65,34.3,30.6119410562,171000,0.0000,1.0
2011-11-03,34.69,34.8,33.61,34.6,30.8796839809,168800,0.0000,1.0
2011-11-02,34.36,34.88,33.32,34.2,30.5226934146,165900,0.0000,1.0
2011-11-01,34.11,34.845,33.55,34.02,30.3620476598,274800,0.0000,1.0
2011-10-31,35.97,35.97,34.74,34.81,31.0671040282,256200,0.0000,1.0
2011-10-28,35.99,36.77,35.47,36.62,32.6824863405,237900,0.0000,1.0
2011-10-27,35.01,36.09,35.01,35.77,31.9238813872,438400,0.0000,1.0
2011-10-26,34.76,35.51,34.1,34.48,30.772586811,460500,0.0000,1.0
2011-10-25,32.76,35.4,31.79,35.03,31.2634488396,570500,0.0000,1.0
2011-10-24,30.29,31.7297,30.29,31.32,27.9523613376,368500,0.0000,1.0
2011-10-21,29.64,30.38,29.64,30.21,26.9617125163,255700,0.0000,1.0
2011-10-20,29.2,29.76,28.52,29.07,25.9442894024,196800,0.0000,1.0
2011-10-19,29.36,30.8,28.86,29.19,26.0513865723,227100,0.0000,1.0
2011-10-18,28.27,29.36,27.49,29.12,25.9889132232,462200,0.0000,1.0
2011-10-17,27.91,28.96,27.91,28.06,25.0428882226,337000,0.0000,1.0
2011-10-14,29.0,29.52,27.25,28.54,25.4712769021,450100,0.0000,1.0
2011-10-13,28.81,29.2,27.97,28.84,25.7390198268,313100,0.0000,1.0
2011-10-12,28.9,29.44,28.68,28.9,25.7925684118,418000,0.0000,1.0
2011-10-11,28.56,29.06,28.14,28.75,25.6586969494,388800,0.0000,1.0
2011-10-10,29.31,30.5,28.0227,28.68,25.5962236003,439300,0.0000,1.0
2011-10-07,30.71,31.31,28.46,28.77,25.6765464777,367500,0.0000,1.0
2011-10-06,30.03,30.84,29.74,30.7,27.3990259599,302600,0.0000,1.0
2011-10-05,29.34,31.22,28.89,30.1,26.8635401105,370900,0.0000,1.0
2011-10-04,26.25,29.6,26.12,29.5,26.3280542612,428100,0.0000,1.0
2011-10-03,28.24,28.75,26.46,26.51,23.6595497784,258800,0.0000,1.0
2011-09-30,29.47,30.44,28.33,28.38,25.3284806756,244300,0.0000,1.0
2011-09-29,30.22,30.86,28.78,29.95,26.7296686482,230400,0.0000,1.0
2011-09-28,31.3,31.79,29.58,29.62,26.435151431,195700,0.0000,1.0
2011-09-27,31.35,32.44,30.905,31.19,27.8363394036,240200,0.0000,1.0
2011-09-26,30.36,30.96,29.25,30.9,27.577521243,137000,0.0000,1.0
2011-09-23,27.88,30.69,27.57,30.17,26.9260134596,240000,0.0000,1.0
2011-09-22,28.73,29.17,27.38,27.9,24.9000919961,243600,0.0000,1.0
2011-09-21,31.27,32.06,29.5,29.55,26.3726780819,223400,0.0000,1.0
2011-09-20,31.33,32.08,30.81,31.0,27.6667688846,318600,0.0000,1.0
2011-09-19,32.0,32.27,30.8,31.18,27.8274146394,307400,0.0000,1.0
2011-09-16,33.08,33.57,31.97,32.2,28.7377405834,433400,0.0000,1.0
2011-09-15,33.38,33.68,32.89,33.16,29.5945179424,235500,0.0000,1.0
2011-09-14,32.42,33.75,32.21,33.17,29.6034427065,271400,0.0000,1.0
2011-09-13,31.78,32.77,31.76,32.3,28.8269882249,368600,0.0000,1.0
2011-09-12,31.23,31.75,30.57,31.57,28.1754804415,220300,0.0000,1.0
2011-09-09,30.84,31.77,30.16,30.98,27.6489193563,272500,0.0000,1.0
2011-09-08,33.11,33.2,30.78,31.2,27.8452641677,386100,0.0000,1.0
2011-09-07,30.9,33.47,30.73,33.23,29.6569912915,387000,0.0000,1.0
2011-09-06,30.12,30.77,29.815,30.42,27.1491325635,288800,0.0000,1.0
2011-09-02,30.06,30.88,30.03,30.42,27.1491325635,392700,0.0000,1.0
2011-09-01,32.01,32.56,30.37,30.875,27.5552093326,320600,0.0000,1.0
2011-08-31,33.23,33.85,31.62,31.98,28.5413957719,339100,0.0000,1.0
2011-08-30,32.97,33.56,32.4,33.04,29.4874207725,279700,0.0000,1.0
2011-08-29,32.06,33.07,31.88,32.98,29.4338721876,235600,0.0000,1.0
2011-08-26,30.51,32.2,30.25,31.65,28.2468785548,227300,0.0000,1.0
2011-08-25,32.14,33.37,30.45,30.73,27.4258002524,511200,0.0000,1.0
2011-08-24,31.42,32.2,30.18,31.94,28.5056967153,743600,0.0000,1.0
2011-08-23,30.16,31.48,30.16,31.41,28.032684215,598300,0.0000,1.0
2011-08-22,30.93,31.5663,30.12,30.21,26.9617125163,302400,0.0000,1.0
2011-08-19,30.99,31.56,29.55,30.29,27.0331106295,573700,0.0000,1.0
2011-08-18,32.45,33.0745,31.13,31.38,28.0059099225,466400,0.0000,1.0
2011-08-17,34.2,34.83,33.01,33.37,29.7819379896,282400,0.0000,1.0
2011-08-16,34.15,34.67,33.58,34.12,30.4512953014,384600,0.0000,1.0
2011-08-15,34.66,34.86,34.0,34.44,30.7368877544,204500,0.0000,1.0
2011-08-12,35.04,35.04,33.79,34.39,30.6922639336,243200,0.0000,1.0
2011-08-11,34.66,35.7,34.02,34.93,31.174201198,239200,0.0000,1.0
2011-08-10,34.81,35.49,33.82,34.43,30.7279629902,320900,0.0000,1.0
2011-08-09,34.51,35.63,32.61,35.54,31.7186118116,416800,0.0000,1.0
2011-08-08,36.23,36.56,33.82,33.87,30.2281761975,305000,0.0000,1.0
2011-08-05,39.29,39.29,36.8,37.18,33.1822731332,168700,0.0000,1.0
2011-08-04,40.37,40.91,38.65,38.7,34.538837285,187300,0.0000,1.0
2011-08-03,41.08,41.55,39.94,40.74,36.3594891729,119400,0.0000,1.0
2011-08-02,41.43,42.29,40.81,40.99,36.5826082768,163500,0.0000,1.0
2011-08-01,42.98,42.99,40.52,41.62,37.1448684186,206100,0.0000,1.0
2011-07-29,42.56,43.12,41.6,42.75,38.1533667683,129600,0.0000,1.0
2011-07-28,45.54,45.54,42.68,42.84,38.2336896457,265200,0.0000,1.0
2011-07-27,46.44,46.7,44.54,45.64,40.7326236095,174600,0.0000,1.0
2011-07-26,45.74,47.89,44.24,46.76,41.732197195,213200,0.0000,1.0
2011-07-25,46.15,47.1,45.7,46.12,41.161012289,108700,0.0000,1.0
2011-07-22,46.36,46.87,46.02,46.6,41.5894009685,83200,0.0000,1.0
2011-07-21,46.83,47.14,45.0,46.36,41.3752066287,107500,0.0000,1.0
2011-07-20,46.8,47.5,46.261,46.81,41.7768210157,108900,0.0000,1.0
2011-07-19,44.47,46.73,44.036,46.63,41.6161752609,189400,0.0000,1.0
2011-07-18,44.6,45.06,43.62,44.35,39.5813290333,165500,0.0000,1.0
2011-07-15,43.83,45.06,43.83,44.71,39.9026205429,161800,0.0000,1.0
2011-07-14,44.85,44.97,43.43,43.63,38.938746014,132100,0.0000,1.0
2011-07-13,44.03,45.5,43.56,44.74,39.9293948354,122700,0.0000,1.0
2011-07-12,43.26,44.4,43.09,43.93,39.2064889387,130400,0.0000,1.0
2011-07-11,43.85,43.85,43.14,43.31,38.653153561,117600,0.0000,1.0
2011-07-08,45.18,45.18,43.65,44.4,39.6259528541,206400,0.0000,1.0
2011-07-07,44.15,46.528,44.15,45.66,40.7504731378,233100,0.0000,1.0
2011-07-06,43.27,43.9861,42.55,43.85,39.1350908255,145900,0.0000,1.0
2011-07-05,43.49,43.5038,42.51,43.14,38.5014325704,135200,0.0000,1.0
2011-07-01,42.11,43.71,42.07,43.25,38.5996049761,164500,0.0000,1.0
2011-06-30,42.25,43.16,41.64,41.85,37.3501379942,256000,0.0000,1.0
2011-06-29,43.14,43.39,41.88,41.93,37.4215361075,147800,0.0000,1.0
2011-06-28,42.9,43.88,42.64,43.14,38.5014325704,93400,0.0000,1.0
2011-06-27,42.84,43.2,42.32,42.91,38.2961629948,85200,0.0000,1.0
2011-06-24,42.93,43.52,42.64,42.72,38.1265924758,151000,0.0000,1.0
2011-06-23,42.73,43.04,41.71,42.98,38.3586363439,187900,0.0000,1.0
2011-06-22,44.07,44.47,43.05,43.07,38.4389592213,83500,0.0000,1.0
2011-06-21,43.78,44.665,43.5,44.27,39.50993092,121600,0.0000,1.0
2011-06-20,43.03,44.16,43.03,43.52,38.8405736083,104200,0.0000,1.0
2011-06-17,43.39,44.56,43.12,43.19,38.5460563912,292900,0.0000,1.0
2011-06-16,44.0,45.18,42.97,43.2,38.5549811553,319200,0.0000,1.0
2011-06-15,44.18,46.27,43.95,43.98,39.2511127595,221700,0.0000,1.0
2011-06-14,44.58,45.3,43.91,44.68,39.8758462505,197700,0.0000,1.0
2011-06-13,45.55,46.23,44.12,44.16,39.4117585143,197600,0.0000,1.0
2011-06-10,46.99,46.99,45.3,45.38,40.5005797414,168100,0.0000,1.0
2011-06-09,48.16,48.86,47.01,47.05,41.9910153555,135900,0.0000,1.0
2011-06-08,48.91,49.53,47.98,47.99,42.8299431862,207500,0.0000,1.0
2011-06-07,49.63,51.04,48.77,49.16,43.8741405925,196200,0.0000,1.0
2011-06-06,49.48,50.21,48.74,49.43,44.1151092247,214500,0.0000,1.0
2011-06-03,49.07,50.12,49.05,49.528,44.2025719134,274600,0.0000,1.0
2011-06-02,53.58,54.8575,48.84,49.58,44.248980687,905800,0.0000,1.0
2011-06-01,48.19,49.89,47.345,47.98,42.821018422,204500,0.0000,1.0
2011-05-31,49.1,49.52,47.84,48.34,43.1423099317,178200,0.0000,1.0
2011-05-27,48.0,48.83,47.83,48.64,43.4100528564,106800,0.0000,1.0
2011-05-26,47.19,48.04,46.94,47.94,42.7853193654,122800,0.0000,1.0
2011-05-25,47.38,48.045,47.05,47.26,42.1784354028,138500,0.0000,1.0
2011-05-24,46.6,47.85,46.28,47.55,42.4372535633,112000,0.0000,1.0
2011-05-23,47.58,47.77,47.07,47.32,42.2319839877,63900,0.0000,1.0
2011-05-20,48.81,49.41,47.54,48.25,43.0619870543,284300,0.0000,1.0
2011-05-19,49.71,50.28,48.85,49.07,43.7938177151,115500,0.0000,1.0
2011-05-18,49.53,49.76,48.66,49.58,44.248980687,88000,0.0000,1.0
2011-05-17,50.27,50.3,49.23,49.29,43.9901625265,91900,0.0000,1.0
2011-05-16,51.71,51.84,50.29,50.32,44.9094132346,88000,0.0000,1.0
2011-05-13,51.74,51.9,51.29,51.785,46.2168911835,79300,0.0000,1.0
2011-05-12,50.4,51.7,50.32,51.58,46.0339335183,62100,0.0000,1.0
2011-05-11,50.26,51.1,49.95,50.5,45.0700589894,61000,0.0000,1.0
2011-05-10,49.88,50.53,49.88,50.53,45.0968332819,81000,0.0000,1.0
2011-05-09,49.56,49.84,48.96,49.54,44.2132816304,71200,0.0000,1.0
2011-05-06,50.56,50.56,49.5,49.55,44.2222063946,192000,0.0000,1.0
2011-05-05,50.5,50.78,49.98,49.99,44.6148960175,262200,0.0000,1.0
2011-05-04,50.76,50.88,50.25,50.69,45.2396295084,173000,0.0000,1.0
2011-05-03,50.31,51.26,50.1,50.77,45.3110276217,258600,0.0000,1.0
2011-05-02,49.56,50.36,49.4,50.3,44.8915637063,188400,0.0000,1.0
2011-04-29,50.21,50.315,49.31,49.6,44.2668302154,334000,0.0000,1.0
2011-04-28,50.5,50.68,49.45,50.01,44.6327455458,347400,0.0000,1.0
2011-04-27,50.01,51.3,49.48,50.4,44.9808113479,269700,0.0000,1.0
2011-04-26,49.5,50.6,48.89,50.29,44.8826389421,404200,0.0000,1.0
2011-04-25,49.33,50.8,49.1,49.79,44.4364007343,172400,0.0000,1.0
2011-04-21,49.38,49.69,48.72,49.57,44.2400559229,167900,0.0000,1.0
2011-04-20,48.08,48.94,48.03,48.88,43.6242471961,214900,0.0000,1.0
2011-04-19,49.7,49.72,48.47,48.71,43.4725262054,220500,0.0000,1.0
2011-04-18,49.34,49.85,48.58,49.34,44.0347863473,141200,0.0000,1.0
2011-04-15,49.22,50.12,48.78,49.96,44.588121725,142100,0.0000,1.0
2011-04-14,48.54,50.03,48.54,49.4,44.0883349322,223600,0.0000,1.0
2011-04-13,49.08,49.79,48.67,49.05,43.7759681868,313700,0.0000,1.0
2011-04-12,50.4,50.82,48.76,48.77,43.5260747904,117000,0.0000,1.0
2011-04-11,51.59,51.959,50.26,50.54,45.1057580461,154500,0.0000,1.0
2011-04-08,52.52,52.52,51.26,51.47,45.9357611126,77000,0.0000,1.0
2011-04-07,52.9,54.1,52.0,52.03,46.4355479053,71100,0.0000,1.0
2011-04-06,51.77,53.37,51.77,53.01,47.3101747927,114400,0.0000,1.0
2011-04-05,50.91,52.7799,50.7,51.75,46.185654509,139000,0.0000,1.0
2011-04-04,51.0,51.18,50.18,51.04,45.5519962539,104500,0.0000,1.0
2011-04-01,50.12,50.91,49.43,50.73,45.275328565,219300,0.0000,1.0
2011-03-31,49.53,50.73,49.07,49.79,44.4364007343,226600,0.0000,1.0
2011-03-30,48.8,50.68,48.8,49.67,44.3293035645,185400,0.0000,1.0
2011-03-29,48.51,49.24,46.82,48.78,43.5349995545,330700,0.0000,1.0
2011-03-28,50.73,50.7882,49.58,49.74,44.3917769135,143100,0.0000,1.0
2011-03-25,51.29,51.6,50.54,50.54,45.1057580461,145200,0.0000,1.0
2011-03-24,51.18,51.78,50.8519,51.0,45.5162971972,203000,0.0000,1.0
2011-03-23,51.18,51.97,50.45,51.38,45.8554382352,195000,0.0000,1.0
2011-03-22,50.85,51.52,50.3919,51.19,45.6858677162,292400,0.0000,1.0
2011-03-21,51.16,51.75,49.91,50.62,45.1771561593,411300,0.0000,1.0
2011-03-18,51.62,53.0,50.32,50.61,45.1682313952,332800,0.0000,1.0
2011-03-17,51.86,52.1,50.64,51.22,45.7126420087,440700,0.0000,1.0
2011-03-16,52.44,52.94,51.26,51.36,45.8375887069,326000,0.0000,1.0
2011-03-15,52.45,53.48,52.1201,52.36,46.7300651225,192300,0.0000,1.0
2011-03-14,52.5,54.83,52.5,53.54,47.783187293,163500,0.0000,1.0
2011-03-11,53.72,55.35,53.34,53.51,47.7564130005,151800,0.0000,1.0
2011-03-10,54.53,54.81,53.07,53.8,48.015231161,206900,0.0000,1.0
2011-03-09,57.07,57.07,54.86,54.99,49.0772780956,279300,0.0000,1.0
2011-03-08,57.15,58.4,56.3801,56.96,50.8354566344,138200,0.0000,1.0
2011-03-07,56.6,58.0,55.31,57.32,51.156748144,235800,0.0000,1.0
2011-03-04,57.6,57.8,55.48,56.5,50.4249174832,184600,0.0000,1.0
2011-03-03,56.5,58.489,55.98,57.59,51.3977167763,230500,0.0000,1.0
2011-03-02,56.0,57.06,55.1,55.98,49.9608297471,165600,0.0000,1.0
2011-03-01,58.18,58.67,55.26,56.0,49.9786792754,413900,0.0000,1.0
2011-02-28,57.62,58.25,57.0,57.67,51.4691148895,271200,0.0000,1.0
2011-02-25,57.45,58.57,56.8,57.06,50.924704276,191600,0.0000,1.0
2011-02-24,56.79,57.7,55.44,57.46,51.2816948422,263600,0.0000,1.0
2011-02-23,56.1,57.79,54.56,56.43,50.3624441341,302100,0.0000,1.0
2011-02-22,56.55,57.85,55.81,55.97,49.9519049829,171300,0.0000,1.0
2011-02-18,55.74,57.83,55.04,56.8,50.6926604079,369900,0.0000,1.0
2011-02-17,53.77,55.95,53.03,55.34,49.3896448411,431500,0.0000,1.0
2011-02-16,51.26,54.48,50.22,54.02,48.2115759725,711700,0.0000,1.0
2011-02-15,55.97,56.84,52.05,52.23,46.6140431885,1874000,0.0000,1.0
2011-02-14,60.35,64.48,60.35,63.34,56.5294561661,395400,0.0000,1.0
2011-02-11,58.89,60.78,58.21,60.55,54.0394469665,243200,0.0000,1.0
2011-02-10,58.71,59.94,58.38,59.08,52.7275066356,228900,0.0000,1.0
2011-02-09,59.2,59.54,58.69,59.1,52.7453561639,136100,0.0000,1.0
2011-02-08,58.8,59.75,58.28,59.13,52.7721304563,210900,0.0000,1.0
2011-02-07,57.78,59.66,57.78,59.09,52.7364313997,210300,0.0000,1.0
2011-02-04,58.8,59.205,56.93,57.9,51.6743844651,172500,0.0000,1.0
2011-02-03,60.5,60.89,59.38,59.67,53.2540677208,232800,0.0000,1.0
2011-02-02,58.34,61.15,57.82,60.48,53.9769736174,464000,0.0000,1.0
2011-02-01,57.4,58.49,56.54,58.25,51.9867512106,157300,0.0000,1.0
2011-01-31,57.56,58.05,56.6,57.25,51.0942747949,130200,0.0000,1.0
2011-01-28,57.96,58.39,56.61,57.2,51.0496509742,160600,0.0000,1.0
2011-01-27,58.23,58.23,57.0,57.9,51.6743844651,160800,0.0000,1.0
2011-01-26,57.5,58.78,56.83,58.05,51.8082559275,272000,0.0000,1.0
2011-01-25,56.0,57.43,55.82,57.0,50.871155691,183000,0.0000,1.0
2011-01-24,57.18,57.82,56.3,56.65,50.5587889456,115900,0.0000,1.0
2011-01-21,57.14,57.52,55.86,57.28,51.1210490874,200400,0.0000,1.0
2011-01-20,55.91,57.5,55.91,56.54,50.4606165398,184000,0.0000,1.0
2011-01-19,56.27,56.38,55.42,56.1,50.067926917,216900,0.0000,1.0
2011-01-18,55.96,56.46,55.1,56.22,50.1750240868,141800,0.0000,1.0
2011-01-14,54.16,56.4,53.99,56.29,50.2374974359,206700,0.0000,1.0
2011-01-13,53.59,54.5,53.31,54.34,48.4971684255,209200,0.0000,1.0
2011-01-12,53.5,54.216,53.1401,53.68,47.9081339911,528700,0.0000,1.0
2011-01-11,55.83,55.83,52.53,53.18,47.4618957833,842800,0.0000,1.0
2011-01-10,58.02,58.89,53.38,53.94,48.1401778592,1738700,0.0000,1.0
2011-01-07,68.96,69.4,66.811,67.18,59.9565656022,236800,0.0000,1.0
2011-01-06,66.74,69.06,66.6,68.76,61.3666783389,230200,0.0000,1.0
2011-01-05,66.34,68.23,65.41,66.94,59.7423712624,136600,0.0000,1.0
2011-01-04,68.85,69.85,65.82,66.57,59.4121549886,205400,0.0000,1.0
2011-01-03,67.54,69.15,66.38,68.41,61.0543115934,339000,0.0000,1.0
2010-12-31,66.1,69.55,65.39,66.58,59.4210797528,152300,0.0000,1.0
2010-12-30,66.31,66.99,65.95,66.31,59.1801111206,106000,0.0000,1.0
2010-12-29,65.76,66.64,64.76,66.24,59.1176377715,188200,0.0000,1.0
2010-12-28,65.59,65.97,64.44,65.71,58.6446252712,92000,0.0000,1.0
2010-12-27,64.32,65.7899,63.54,65.34,58.3144089974,128900,0.0000,1.0
2010-12-23,64.75,65.77,63.98,64.66,57.7075250348,118900,0.0000,1.0
2010-12-22,64.57,65.13,64.13,64.9,57.9217193745,129500,0.0000,1.0
2010-12-21,64.72,65.37,64.17,64.57,57.6272021574,117000,0.0000,1.0
2010-12-20,62.14,65.25,61.49,64.36,57.4397821101,259900,0.0000,1.0
2010-12-17,60.85,62.48,60.69,62.0,55.3335377692,357200,0.0000,1.0
2010-12-16,60.47,61.72,60.28,60.9,54.351813712,137700,0.0000,1.0
2010-12-15,60.76,61.54,59.99,60.44,53.9412745608,130100,0.0000,1.0
2010-12-14,62.54,62.54,60.22,60.66,54.1376193723,128100,0.0000,1.0
2010-12-13,60.62,63.3,60.44,62.22,55.5298825806,368300,0.0000,1.0
2010-12-10,59.33,61.09,59.33,60.52,54.0126726741,232800,0.0000,1.0
2010-12-09,60.25,61.25,59.08,59.5,53.1023467301,151200,0.0000,1.0
2010-12-08,60.03,61.73,59.12,59.58,53.1737448434,349600,0.0000,1.0
2010-12-07,61.0,61.89,60.25,61.79,55.1461177219,219200,0.0000,1.0
2010-12-06,57.65,61.0999,57.5,60.51,54.0037479099,191300,0.0000,1.0
2010-12-03,56.11,57.88,56.11,57.86,51.6386854085,147400,0.0000,1.0
2010-12-02,56.71,57.72,56.1,56.46,50.3892184266,122600,0.0000,1.0
2010-12-01,55.72,57.22,55.72,56.68,50.585563238,185300,0.0000,1.0
2010-11-30,55.29,55.34,54.45,54.79,48.8987828125,166200,0.0000,1.0
2010-11-29,55.04,56.62,54.97,55.87,49.8626573414,248400,0.0000,1.0
2010-11-26,54.78,55.9,54.78,55.41,49.4521181902,37900,0.0000,1.0
2010-11-24,54.37,55.38,54.37,55.24,49.3003971995,116500,0.0000,1.0
2010-11-23,54.7,55.17,54.0,54.21,48.3811464914,193000,0.0000,1.0
2010-11-22,55.43,55.43,54.5505,54.86,48.9612561616,191700,0.0000,1.0
2010-11-19,55.39,55.6399,54.79,55.315,49.3673329307,157800,0.0000,1.0
2010-11-18,54.76,55.91,54.57,55.61,49.6306134733,156800,0.0000,1.0
2010-11-17,54.56,55.01,53.71,54.11,48.2918988499,151200,0.0000,1.0
2010-11-16,54.39,55.83,54.09,54.43,48.5774913029,240600,0.0000,1.0
2010-11-15,54.31,56.24,54.31,54.82,48.925557105,173300,0.0000,1.0
2010-11-12,54.23,54.93,53.79,54.28,48.4436198405,147800,0.0000,1.0
2010-11-11,54.56,55.5,54.1,54.83,48.9344818691,172800,0.0000,1.0
2010-11-10,55.24,55.65,54.66,55.0,49.0862028598,164800,0.0000,1.0
2010-11-09,54.93,56.56,54.85,55.24,49.3003971995,382300,0.0000,1.0
2010-11-08,54.29,55.0,53.81,54.72,48.8363094634,166700,0.0000,1.0
2010-11-05,53.47,55.0,53.27,54.61,48.7381370577,171800,0.0000,1.0
2010-11-04,53.22,54.42,52.17,53.21,47.4886700758,354200,0.0000,1.0
2010-11-03,55.24,55.5,52.52,54.06,48.2472750291,400400,0.0000,1.0
2010-11-02,56.07,56.47,54.82,55.18,49.2468486146,561900,0.0000,1.0
2010-11-01,55.16,55.66,54.0,55.41,49.4521181902,414800,0.0000,1.0
2010-10-29,54.07,55.39,54.0,54.89,48.9880304541,532200,0.0000,1.0
2010-10-28,53.88,54.62,53.55,54.13,48.3097483782,475600,0.0000,1.0
2010-10-27,54.43,54.7099,52.59,53.5,47.7474882363,662400,0.0000,1.0
2010-10-26,57.1,59.33,51.66,54.8,48.9077075766,2169500,0.0000,1.0
2010-10-25,68.0,68.15,65.82,67.34,60.0993618287,277600,0.0000,1.0
2010-10-22,67.17,68.04,66.68,67.5,60.2421580552,261700,0.0000,1.0
2010-10-21,67.64,67.82,65.74,66.95,59.7512960266,302900,0.0000,1.0
2010-10-20,66.32,68.48,66.32,67.23,60.001189423,309900,0.0000,1.0
2010-10-19,67.0,67.7,65.77,66.07,58.9659167808,252100,0.0000,1.0
2010-10-18,67.83,68.004,67.06,67.94,60.6348476781,273100,0.0000,1.0
2010-10-15,68.83,69.43,66.04,67.77,60.4831266874,357100,0.0000,1.0
2010-10-14,72.34,72.9,60.31,67.39,60.1439856495,1159400,0.0000,1.0
2010-10-13,80.97,81.745,78.59,79.15,70.6395082973,212300,0.0000,1.0
2010-10-12,81.24,81.24,79.09,80.66,71.9871476849,103400,0.0000,1.0
2010-10-11,81.71,82.95,80.47,81.21,72.4780097135,110200,0.0000,1.0
2010-10-08,80.23,82.8,78.84,81.77,72.9777965063,175400,0.0000,1.0
2010-10-07,81.48,81.95,80.0201,80.46,71.8086524018,131600,0.0000,1.0
2010-10-06,80.18,81.4,79.43,80.97,72.2638153737,184100,0.0000,1.0
2010-10-05,78.49,81.07,78.49,80.42,71.7729533451,191900,0.0000,1.0
2010-10-04,79.51,79.51,77.71,78.14,69.7381071175,248700,0.0000,1.0
2010-10-01,77.7,79.98,77.23,79.65,71.0857465051,326200,0.0000,1.0
2010-09-30,75.16,78.22,73.51,77.62,69.2740193814,229900,0.0000,1.0
2010-09-29,73.28,75.0,72.855,74.59,66.569815842,97000,0.0000,1.0
2010-09-28,72.48,74.1,70.03,73.68,65.7576623038,177400,0.0000,1.0
2010-09-27,77.61,78.13,72.41,72.96,65.1150792845,312600,0.0000,1.0
2010-09-24,77.08,78.98,74.93,77.91,69.5328375419,382600,0.0000,1.0
2010-09-23,71.46,78.63,70.5,76.53,68.3012200883,670400,0.0000,1.0
2010-09-22,70.39,72.12,69.17,72.0,64.2583019255,186800,0.0000,1.0
2010-09-21,72.58,73.0,70.06,70.79,63.1784054626,183600,0.0000,1.0
2010-09-20,67.35,72.67,67.02,72.41,64.6242172559,373900,0.0000,1.0
2010-09-17,67.21,69.25,66.01,67.55,60.286781876,607800,0.0000,1.0
2010-09-16,64.99,67.14,63.64,66.44,59.2961330546,294900,0.0000,1.0
2010-09-15,62.78,65.14,61.1,64.87,57.8949450821,223100,0.0000,1.0
2010-09-14,63.04,63.89,61.48,63.15,56.3598856472,176200,0.0000,1.0
2010-09-13,62.68,63.74,60.77,63.22,56.4223589963,256700,0.0000,1.0
2010-09-10,60.07,63.65,59.51,62.07,55.3960111183,472900,0.0000,1.0
2010-09-09,61.98,61.99,57.01,59.79,53.3611648907,676600,0.0000,1.0
2010-09-08,61.39,61.91,60.83,61.64,55.0122462596,185100,0.0000,1.0
2010-09-07,64.77,65.29,60.57,61.4,54.7980519198,199500,0.0000,1.0
2010-09-03,65.36,66.68,64.83,65.28,58.2608604125,155000,0.0000,1.0
2010-09-02,62.99,65.09,61.45,64.7,57.7432240914,209300,0.0000,1.0
2010-09-01,63.18,64.0,62.12,63.16,56.3688104113,346500,0.0000,1.0
2010-08-31,66.06,66.42,61.63,62.58,55.8511740903,379700,0.0000,1.0
2010-08-30,67.15,68.11,66.05,66.17,59.0551644224,132400,0.0000,1.0
2010-08-27,67.01,67.98,65.67,67.55,60.286781876,111400,0.0000,1.0
2010-08-26,67.58,68.52,66.4799,66.49,59.3407568754,149100,0.0000,1.0
2010-08-25,65.71,67.64,65.19,67.45,60.1975342344,160400,0.0000,1.0
2010-08-24,64.79,67.32,64.79,66.3,59.1711863564,182700,0.0000,1.0
2010-08-23,66.33,66.51,64.57,65.51,58.4661299881,209600,0.0000,1.0
2010-08-20,65.1,66.1795,64.2,65.85,58.7695719694,229500,0.0000,1.0
2010-08-19,67.62,67.99,65.45,65.57,58.519678573,275300,0.0000,1.0
2010-08-18,63.45,68.53,62.8,68.0,60.688396263,727600,0.0000,1.0
2010-08-17,61.57,63.91,59.68,63.45,56.6276285719,785600,0.0000,1.0
2010-08-16,59.83,63.49,56.44,60.94,54.3875127686,2350600,0.0000,1.0
2010-08-13,74.44,74.83,70.13,70.2,62.6518443774,436600,0.0000,1.0
2010-08-12,74.5,76.49,73.63,74.93,66.8732578233,219100,0.0000,1.0
2010-08-11,77.38,77.94,75.31,75.36,67.257022682,232700,0.0000,1.0
2010-08-10,79.88,79.88,77.78,77.92,69.5417623061,168400,0.0000,1.0
2010-08-09,76.21,82.19,76.21,80.28,71.648006647,165400,0.0000,1.0
2010-08-06,84.87,84.9695,79.42,80.03,71.4248875431,439400,0.0000,1.0
2010-08-05,89.23,89.32,84.92,85.73,76.5120031122,233100,0.0000,1.0
2010-08-04,89.23,90.15,88.0001,89.7,80.0551344822,109900,0.0000,1.0
2010-08-03,93.12,93.12,88.83,88.94,79.3768524063,164600,0.0000,1.0
2010-08-02,93.5,93.93,88.9,93.48,83.4286953333,196000,0.0000,1.0
2010-07-30,90.93,93.42,90.93,92.92,82.9289085406,164300,0.0000,1.0
2010-07-29,92.7,93.05,90.94,92.16,82.2506264647,216500,0.0000,1.0
2010-07-28,94.49,94.61,92.61,93.12,83.1074038237,227100,0.0000,1.0
2010-07-27,95.0,96.51,91.35,94.5,84.3390212773,455500,0.0000,1.0
2010-07-26,89.98,92.0,88.46,91.08,81.2867519358,300400,0.0000,1.0
2010-07-23,83.76,89.86,83.54,89.69,80.0462097181,286900,0.0000,1.0
2010-07-22,86.27,86.65,82.82,83.6,74.6110283469,295600,0.0000,1.0
2010-07-21,87.0,87.32,84.85,85.21,76.047915376,170500,0.0000,1.0
2010-07-20,87.76,89.16,86.5216,87.0,77.64544816,234000,0.0000,1.0
2010-07-19,79.16,89.15,79.16,88.9,79.3411533497,425700,0.0000,1.0
2010-07-16,81.81,82.96,80.51,80.6,71.9335991,159600,0.0000,1.0
2010-07-15,82.53,83.44,80.795,82.46,73.593605233,84400,0.0000,1.0
2010-07-14,83.55,84.25,81.91,82.62,73.7364014595,123400,0.0000,1.0
2010-07-13,81.56,84.17,81.56,83.88,74.8609217432,159800,0.0000,1.0
2010-07-12,82.07,82.82,80.93,81.05,72.335213487,68000,0.0000,1.0
2010-07-09,82.97,83.12,81.85,82.5,73.6293042897,80800,0.0000,1.0
2010-07-08,79.83,83.41,79.83,82.87,73.9595205634,193700,0.0000,1.0
2010-07-07,77.14,79.66,76.23,79.57,71.0143483919,333200,0.0000,1.0
2010-07-06,79.92,80.45,76.87,77.18,68.8813297585,196000,0.0000,1.0
2010-07-02,80.5,80.71,78.66,78.67,70.2111196178,131100,0.0000,1.0
2010-07-01,81.21,81.82,79.225,80.07,71.4605865997,342200,0.0000,1.0
2010-06-30,80.0,82.41,79.69,81.35,72.6029564117,495900,0.0000,1.0
2010-06-29,79.15,81.15,79.15,79.78,71.2017684391,184700,0.0000,1.0
2010-06-28,78.85,80.46,77.9,80.07,71.4605865997,156000,0.0000,1.0
2010-06-25,80.65,80.72,77.57,79.12,70.6127340048,412600,0.0000,1.0
2010-06-24,81.21,81.85,79.19,80.61,71.9425238641,178400,0.0000,1.0
2010-06-23,82.31,83.145,81.19,81.79,72.9956460346,90200,0.0000,1.0
2010-06-22,86.99,88.01,82.38,82.65,73.763175752,184000,0.0000,1.0
2010-06-21,87.25,88.68,85.82,86.53,77.2259842447,115100,0.0000,1.0
2010-06-18,87.36,87.36,85.89,86.22,76.9493165558,140300,0.0000,1.0
2010-06-17,86.6,88.11,86.6,86.87,77.529426226,108100,0.0000,1.0
2010-06-16,84.9,87.23,84.9,86.42,77.1278118389,140500,0.0000,1.0
2010-06-15,83.74,85.95,82.48,85.58,76.3781316498,163800,0.0000,1.0
2010-06-14,83.56,85.7,82.6,82.97,74.048768205,100400,0.0000,1.0
2010-06-11,81.02,83.45,81.02,83.45,74.4771568845,111700,0.0000,1.0
2010-06-10,81.48,82.355,80.64,81.7,72.9153231572,161400,0.0000,1.0
2010-06-09,81.87,82.53,80.16,80.43,71.7818781093,154200,0.0000,1.0
2010-06-08,82.3,83.03,80.84,81.44,72.6832792891,251900,0.0000,1.0
2010-06-07,83.55,84.49,82.0,82.04,73.2187651385,225300,0.0000,1.0
2010-06-04,85.51,86.12,83.84,84.0,74.9680189131,114200,0.0000,1.0
2010-06-03,87.41,88.0,85.35,86.73,77.4044795278,112900,0.0000,1.0
2010-06-02,84.35,86.8,83.8,86.73,77.4044795278,149200,0.0000,1.0
2010-06-01,85.71,86.025,84.0,84.41,75.3339342435,240700,0.0000,1.0
2010-05-28,87.0,87.41,85.1,85.91,76.672648867,149900,0.0000,1.0
2010-05-27,88.75,88.85,86.36,87.12,77.7525453299,125600,0.0000,1.0
2010-05-26,87.89,90.37,86.56,87.57,78.1541597169,106200,0.0000,1.0
2010-05-25,87.11,88.06,84.47,87.71,78.2791064151,142100,0.0000,1.0
2010-05-24,89.12,90.0,87.93,88.74,79.1983571232,95000,0.0000,1.0
2010-05-21,90.06,90.53,88.01,89.55,79.9212630199,207000,0.0000,1.0
2010-05-20,91.65,93.61,90.79,91.05,81.2599776433,280700,0.0000,1.0
2010-05-19,89.85,93.62,89.4,93.17,83.1520276445,214500,0.0000,1.0
2010-05-18,93.27,94.99,89.74,90.26,80.554921275,334400,0.0000,1.0
2010-05-17,89.56,92.95,87.26,92.92,82.9289085406,225900,0.0000,1.0
2010-05-14,89.75,90.61,88.44,89.1,79.5196486328,89900,0.0000,1.0
2010-05-13,90.0,91.24,89.87,90.3,80.5906203316,77500,0.0000,1.0
2010-05-12,89.44,91.62,89.331,90.39,80.670943209,130000,0.0000,1.0
2010-05-11,88.2,89.92,87.06,89.09,79.5107238687,126600,0.0000,1.0
2010-05-10,89.06,89.98,87.785,89.0,79.4304009913,183400,0.0000,1.0
2010-05-07,90.01,90.01,86.27,86.96,77.6097491034,221400,0.0000,1.0
2010-05-06,90.68,92.58,82.05,89.9,80.2336297653,174300,0.0000,1.0
2010-05-05,91.45,92.605,90.635,92.02,82.1256797665,197500,0.0000,1.0
2010-05-04,94.07,94.57,91.24,92.38,82.4469712761,171500,0.0000,1.0
2010-05-03,91.13,95.19,90.31,95.07,84.8477328342,160100,0.0000,1.0
2010-04-30,93.46,94.68,90.53,90.62,80.8762127846,218200,0.0000,1.0
2010-04-29,97.78,98.01,91.05,94.03,83.9195573619,392900,0.0000,1.0
2010-04-28,94.0,97.71,93.9601,97.58,87.0878486374,160900,0.0000,1.0
2010-04-27,93.87,95.58,92.8,93.3,83.2680495785,235400,0.0000,1.0
2010-04-26,93.92,94.599,92.0405,94.45,84.2943974565,198000,0.0000,1.0
2010-04-23,93.45,93.865,91.83,93.51,83.4554696258,170700,0.0000,1.0
2010-04-22,92.83,93.22,90.62,93.22,83.1966514652,208600,0.0000,1.0
2010-04-21,93.33,93.74,93.09,93.55,83.4911686824,70000,0.0000,1.0
2010-04-20,92.83,93.37,91.52,93.36,83.3215981634,33000,0.0000,1.0
2010-04-19,92.53,93.49,91.72,92.56,82.6076170309,66500,0.0000,1.0
2010-04-16,92.73,93.05,91.845,92.88,82.8932094839,94700,0.0000,1.0
2010-04-15,92.43,93.27,92.43,92.6,82.6433160875,67200,0.0000,1.0
2010-04-14,93.97,94.4,92.14,92.63,82.67009038,136100,0.0000,1.0
2010-04-13,91.57,93.91,91.47,93.89,83.7946106637,235600,0.0000,1.0
2010-04-12,90.99,91.84,90.3625,91.06,81.2689024075,77700,0.0000,1.0
2010-04-09,91.0,91.2,90.03,90.9,81.126106181,86800,0.0000,1.0
2010-04-08,91.56,91.66,90.565,90.75,80.9922347186,66200,0.0000,1.0
2010-04-07,93.0,93.59,90.61,91.53,81.6883663228,139900,0.0000,1.0
2010-04-06,92.0,93.73,92.0,93.45,83.4019210408,101400,0.0000,1.0
2010-04-05,92.46,92.65,91.8,92.32,82.3934226912,73800,0.0000,1.0
2010-04-01,93.4,93.8275,91.8,92.09,82.1881531156,88900,0.0000,1.0
2010-03-31,93.06,93.9,92.26,92.84,82.8575104273,215200,0.0000,1.0
2010-03-30,91.45,93.12,90.57,93.12,83.1074038237,398000,0.0000,1.0
2010-03-29,90.65,91.395,90.57,91.11,81.3135262283,97400,0.0000,1.0
2010-03-26,91.38,91.81,90.31,90.58,80.840513728,103600,0.0000,1.0
2010-03-25,91.44,91.81,90.86,90.99,81.2064290584,157100,0.0000,1.0
2010-03-24,91.72,92.21,90.56,90.83,81.0636328319,268100,0.0000,1.0
2010-03-23,91.44,92.17,90.5501,91.75,81.8847111343,124900,0.0000,1.0
2010-03-22,89.81,91.19,89.6,91.16,81.358150049,157400,0.0000,1.0
2010-03-19,90.44,91.36,89.79,90.1,80.4121250485,276300,0.0000,1.0
2010-03-18,90.61,91.39,90.21,90.65,80.9029870771,223900,0.0000,1.0
2010-03-17,88.89,90.86,88.89,90.57,80.8315889638,213600,0.0000,1.0
2010-03-16,87.68,89.49,87.45,88.77,79.2251314157,117500,0.0000,1.0
2010-03-15,87.32,88.09,86.82,87.68,78.2523321226,94800,0.0000,1.0
2010-03-12,86.49,87.23,85.98,87.23,77.8507177356,169100,0.0000,1.0
2010-03-11,85.51,86.319,84.92,86.25,76.9760908483,53300,0.0000,1.0
2010-03-10,85.3,86.31,85.25,86.06,76.8065203293,54100,0.0000,1.0
2010-03-09,85.72,86.82,84.49,85.55,76.3513573573,129400,0.0000,1.0
2010-03-08,85.24,85.84,84.05,85.63,76.4227554706,143600,0.0000,1.0
2010-03-05,84.12,85.02,84.04,85.0,75.8604953287,134600,0.0000,1.0
2010-03-04,84.09,84.67,84.08,84.25,75.191138017,121400,0.0000,1.0
2010-03-03,83.95,84.375,83.0,84.24,75.1822132529,187300,0.0000,1.0
2010-03-02,83.56,84.27,83.46,83.77,74.7627493375,125900,0.0000,1.0
2010-03-01,83.26,84.0,82.89,83.75,74.7448998092,175800,0.0000,1.0
2010-02-26,82.62,83.55,82.33,83.07,74.1380158466,130100,0.0000,1.0
2010-02-25,82.99,83.07,81.63,82.8,73.8970472144,554300,0.0000,1.0
2010-02-24,82.7,85.43,82.51,85.21,76.047915376,262200,0.0000,1.0
2010-02-23,81.99,82.85,81.99,82.5,73.6293042897,172900,0.0000,1.0
2010-02-22,81.33,82.68,80.96,82.24,73.3972604216,204600,0.0000,1.0
2010-02-19,81.5,81.78,79.36,80.91,72.2102667888,169000,0.0000,1.0
2010-02-18,79.83,81.78,79.7,81.62,72.8439250439,168900,0.0000,1.0
2010-02-17,77.47,80.75,77.47,80.1,71.4873608921,277200,0.0000,1.0
2010-02-16,74.85,77.34,72.942,76.96,68.6849849471,419100,0.0000,1.0
2010-02-12,69.47,70.55,69.38,70.55,62.9642111229,52800,0.0000,1.0
2010-02-11,67.98,70.16,67.8,69.94,62.4198005093,113300,0.0000,1.0
2010-02-10,68.12,68.87,67.4,68.3,60.9561391877,117700,0.0000,1.0
2010-02-09,69.35,69.35,68.0,68.45,61.09001065,107900,0.0000,1.0
2010-02-08,69.07,69.2,68.1744,68.69,61.3042049898,69000,0.0000,1.0
2010-02-05,70.39,70.94,69.1,69.84,62.3305528678,78900,0.0000,1.0
2010-02-04,71.7,71.7,70.43,70.52,62.9374368304,50400,0.0000,1.0
2010-02-03,71.6,72.8,71.45,72.05,64.3029257463,48300,0.0000,1.0
2010-02-02,72.17,72.31,71.0,71.93,64.1958285764,141200,0.0000,1.0
2010-02-01,73.38,73.89,71.8,71.93,64.1958285764,150800,0.0000,1.0
2010-01-29,73.53,74.41,72.48,73.38,65.4899193791,168400,0.0000,1.0
2010-01-28,75.39,75.39,73.14,73.52,65.6148660773,130800,0.0000,1.0
2010-01-27,73.46,75.51,73.46,75.29,67.194549333,187400,0.0000,1.0
2010-01-26,73.83,73.89,73.28,73.53,65.6237908414,47000,0.0000,1.0
2010-01-25,75.46,75.46,73.54,73.75,65.8201356529,82400,0.0000,1.0
2010-01-22,74.85,75.34,74.0001,74.97,66.90895688,164000,0.0000,1.0
2010-01-21,75.01,77.77,75.01,75.37,67.2659474462,243400,0.0000,1.0
2010-01-20,73.94,74.81,73.34,74.57,66.5519663137,64900,0.0000,1.0
2010-01-19,75.25,75.3101,73.56,74.49,66.4805682004,198200,0.0000,1.0
2010-01-15,76.27,76.27,74.89,75.83,67.6764865974,108900,0.0000,1.0
2010-01-14,75.25,76.19,75.25,76.01,67.8371323522,58500,0.0000,1.0
2010-01-13,75.46,75.98,74.81,75.8,67.6497123049,57100,0.0000,1.0
2010-01-12,74.77,75.76,74.77,75.52,67.3998189086,66400,0.0000,1.0
2010-01-11,75.52,75.76,75.08,75.32,67.2213236254,149100,0.0000,1.0
2010-01-08,74.3,75.91,73.15,75.07,66.9982045215,70900,0.0000,1.0
2010-01-07,74.75,74.9,74.11,74.82,66.7750854176,54400,0.0000,1.0
2010-01-06,73.87,75.035,73.1505,74.56,66.5430415495,108100,0.0000,1.0
2010-01-05,74.78,75.23,73.45,73.7,65.7755118321,100100,0.0000,1.0
2010-01-04,76.11,76.51,74.81,74.91,66.855408295,95800,0.0000,1.0
2009-12-31,76.35,76.73,75.24,75.3,67.2034740971,74500,0.0000,1.0
2009-12-30,76.41,77.55,75.74,76.59,68.3547686733,58100,0.0000,1.0
2009-12-29,77.41,77.41,76.4,76.82,68.5600382489,68400,0.0000,1.0
2009-12-28,77.0,77.46,75.713,77.22,68.9170288151,74100,0.0000,1.0
2009-12-24,76.63,77.01,76.37,76.79,68.5332639564,13200,0.0000,1.0
2009-12-23,74.9,77.13,74.13,76.33,68.1227248052,185600,0.0000,1.0
2009-12-22,74.19,75.476,73.71,74.81,66.7661606535,168900,0.0000,1.0
2009-12-21,73.82,74.9,73.4075,74.23,66.2485243324,73200,0.0000,1.0
2009-12-18,75.0,75.0,73.13,73.8,65.8647594737,428300,0.0000,1.0
2009-12-17,76.02,77.0373,74.12,74.87,66.8197092384,589900,0.0000,1.0
2009-12-16,77.21,77.78,76.0901,76.51,68.28337056,197000,0.0000,1.0
2009-12-15,74.93,77.21,74.0,76.79,68.5332639564,254600,0.0000,1.0
2009-12-14,72.65,74.94,72.65,74.94,66.8821825875,86200,0.0000,1.0
2009-12-11,71.96,72.78,71.82,72.45,64.6599163126,53700,0.0000,1.0
2009-12-10,72.99,73.69,70.03,71.88,64.1512047556,60200,0.0000,1.0
2009-12-09,72.0,73.27,70.53,73.05,65.1954021619,61400,0.0000,1.0
2009-12-08,71.42,72.45,70.66,71.88,64.1512047556,82600,0.0000,1.0
2009-12-07,71.5,72.84,71.5,71.89,64.1601295198,40400,0.0000,1.0
2009-12-04,70.97,73.14,70.97,71.5,63.8120637177,102400,0.0000,1.0
2009-12-03,71.99,71.99,70.37,70.48,62.9017377738,80400,0.0000,1.0
2009-12-02,71.59,72.36,71.36,71.64,63.9370104159,133200,0.0000,1.0
2009-12-01,71.39,72.12,71.04,71.34,63.6692674912,198000,0.0000,1.0
2009-11-30,70.78,71.41,69.7,71.28,63.6157189063,100500,0.0000,1.0
2009-11-27,70.57,72.02,70.5,71.05,63.4104493307,38400,0.0000,1.0
2009-11-25,73.08,73.29,71.94,72.03,64.285076218,134000,0.0000,1.0
2009-11-24,72.98,72.98,71.65,72.55,64.7491639541,83700,0.0000,1.0
2009-11-23,73.3,73.3,72.12,72.74,64.9187344731,80800,0.0000,1.0
2009-11-20,72.58,73.29,72.0143,72.61,64.8027125391,44800,0.0000,1.0
2009-11-19,73.94,74.19,72.36,72.66,64.8473363598,66100,0.0000,1.0
2009-11-18,74.45,74.5,73.67,74.04,66.0789538134,43700,0.0000,1.0
2009-11-17,74.45,74.53,73.67,74.35,66.3556215023,31400,0.0000,1.0
2009-11-16,72.4,74.745,71.51,74.41,66.4091700872,156600,0.0000,1.0
2009-11-13,70.34,71.92,69.67,71.91,64.1779790481,84800,0.0000,1.0
2009-11-12,70.86,71.95,69.8,70.39,62.8214148964,59100,0.0000,1.0
2009-11-11,71.46,71.7919,70.3,71.15,63.4996969722,45800,0.0000,1.0
2009-11-10,70.19,72.0,69.25,70.91,63.2855026325,89400,0.0000,1.0
2009-11-09,71.25,71.95,68.22,70.6,63.0088349436,199100,0.0000,1.0
2009-11-06,70.5,72.99,70.17,70.71,63.1070073494,59800,0.0000,1.0
2009-11-05,69.37,71.6,69.37,71.01,63.374750274,152400,0.0000,1.0
2009-11-04,69.87,69.95,68.66,68.69,61.3042049898,106400,0.0000,1.0
2009-11-03,69.0,69.89,68.0,69.87,62.3573271602,96300,0.0000,1.0
2009-11-02,68.91,70.01,68.58,69.62,62.1342080563,93400,0.0000,1.0
2009-10-30,68.08,69.98,68.055,68.9,61.4916250371,219100,0.0000,1.0
2009-10-29,70.68,71.18,69.14,70.1,62.5625967358,151500,0.0000,1.0
2009-10-28,69.97,72.18,69.39,70.12,62.5804462641,288800,0.0000,1.0
2009-10-27,74.97,74.97,71.34,71.4,63.7228160761,460900,0.0000,1.0
2009-10-26,71.17,71.625,69.62,70.08,62.5447472075,442200,0.0000,1.0
2009-10-23,72.88,74.57,72.23,72.38,64.5974429635,180600,0.0000,1.0
2009-10-22,72.99,73.67,72.0,73.13,65.2668002752,320500,0.0000,1.0
2009-10-21,71.79,75.0,71.79,73.4,65.5077689074,193000,0.0000,1.0
2009-10-20,72.02,72.1,71.5,71.97,64.2315276331,121800,0.0000,1.0
2009-10-19,72.03,72.1575,71.3,71.96,64.2226028689,188900,0.0000,1.0
2009-10-16,71.6,72.15,70.58,71.63,63.9280856517,92500,0.0000,1.0
2009-10-15,71.55,72.2,71.1301,71.66,63.9548599442,91400,0.0000,1.0
2009-10-14,69.99,71.94,69.39,71.65,63.9459351801,122600,0.0000,1.0
2009-10-13,70.2,71.19,69.05,70.08,62.5447472075,108300,0.0000,1.0
2009-10-12,70.8,71.12,69.47,70.04,62.5090481509,93900,0.0000,1.0
2009-10-09,69.59,71.16,68.89,71.08,63.4372236231,142600,0.0000,1.0
2009-10-08,69.88,70.49,69.46,69.82,62.3127033394,192500,0.0000,1.0
2009-10-07,69.67,69.84,68.52,69.79,62.285929047,120800,0.0000,1.0
2009-10-06,68.91,69.77,68.2,69.64,62.1520575846,156300,0.0000,1.0
2009-10-05,67.55,68.77,67.01,68.48,61.1167849425,174600,0.0000,1.0
2009-10-02,67.0,67.98,67.0,67.8,60.5099009799,152200,0.0000,1.0
2009-10-01,67.14,67.83,67.0,67.02,59.8137693757,208400,0.0000,1.0
2009-09-30,66.1,67.95,64.63,67.34,60.0993618287,237100,0.0000,1.0
2009-09-29,65.0,67.44,64.19,65.88,58.7963462619,137400,0.0000,1.0
2009-09-28,63.54,64.95,63.54,64.54,57.6004278649,63900,0.0000,1.0
2009-09-25,64.2,64.4301,62.89,63.15,56.3598856472,126200,0.0000,1.0
2009-09-24,64.74,64.74,63.68,64.51,57.5736535724,116900,0.0000,1.0
2009-09-23,64.93,65.31,64.71,64.77,57.8056974405,76700,0.0000,1.0
2009-09-22,64.75,65.07,64.09,64.8,57.832471733,162000,0.0000,1.0
2009-09-21,61.4,65.43,60.49,64.92,57.9395689028,285000,0.0000,1.0
2009-09-18,61.91,62.67,60.7,61.74,55.1014939011,114500,0.0000,1.0
2009-09-17,60.85,61.85,60.06,61.51,54.8962243255,153900,0.0000,1.0
2009-09-16,60.32,61.21,59.77,60.73,54.2000927213,95200,0.0000,1.0
2009-09-15,60.4,60.6,59.26,60.02,53.5664344662,186100,0.0000,1.0
2009-09-14,62.07,62.27,60.37,60.52,54.0126726741,166300,0.0000,1.0
2009-09-11,63.35,63.68,61.58,62.19,55.5031082882,128300,0.0000,1.0
2009-09-10,64.02,64.21,63.0,63.44,56.6187038077,117900,0.0000,1.0
2009-09-09,63.33,64.5,62.49,64.16,57.261286827,106200,0.0000,1.0
2009-09-08,62.39,63.91,61.63,63.16,56.3688104113,123000,0.0000,1.0
2009-09-04,62.87,63.16,61.76,62.26,55.5655816373,152400,0.0000,1.0
2009-09-03,62.01,63.2616,61.57,62.79,56.0385941376,103000,0.0000,1.0
2009-09-02,62.51,63.0,61.5,62.13,55.4495597032,107800,0.0000,1.0
2009-09-01,63.3,64.0,62.13,62.43,55.7173026279,101600,0.0000,1.0
2009-08-31,63.49,64.13,62.7,63.35,56.5383809303,69100,0.0000,1.0
2009-08-28,64.06,64.45,63.4,64.03,57.1452648929,59700,0.0000,1.0
2009-08-27,64.36,64.36,63.2,63.87,57.0024686664,87100,0.0000,1.0
2009-08-26,64.86,65.805,63.76,64.11,57.2166630062,158600,0.0000,1.0
2009-08-25,65.3,65.92,64.69,65.09,58.0912898935,103800,0.0000,1.0
2009-08-24,65.0,65.1756,64.28,64.9,57.9217193745,63600,0.0000,1.0
2009-08-21,64.99,65.2,64.09,65.0,58.0109670161,139900,0.0000,1.0
2009-08-20,63.19,64.69,63.1,64.65,57.6986002706,69800,0.0000,1.0
2009-08-19,62.49,63.7,62.49,63.35,56.5383809303,47600,0.0000,1.0
2009-08-18,64.03,64.03,62.62,62.97,56.1992398924,85400,0.0000,1.0
2009-08-17,63.49,64.38,62.54,63.7,56.8507476758,144100,0.0000,1.0
2009-08-14,63.7,64.945,63.23,64.48,57.54687928,180500,0.0000,1.0
2009-08-13,63.8,64.0,62.37,63.67,56.8239733833,76900,0.0000,1.0
2009-08-12,62.95,63.9989,62.21,63.67,56.8239733833,79900,0.0000,1.0
2009-08-11,63.93,64.35,62.52,62.95,56.1813903641,100000,0.0000,1.0
2009-08-10,64.3,64.72,61.96,64.33,57.4130078176,131000,0.0000,1.0
2009-08-07,64.12,64.69,63.32,64.16,57.261286827,107800,0.0000,1.0
2009-08-06,63.18,63.76,62.5,63.39,56.5740799869,131800,0.0000,1.0
2009-08-05,64.55,64.55,62.79,63.18,56.3866599396,108300,0.0000,1.0
2009-08-04,64.53,65.0,64.45,64.72,57.7610736197,128000,0.0000,1.0
2009-08-03,64.84,65.0,63.45,65.0,58.0109670161,128400,0.0000,1.0
2009-07-31,64.5,65.0,64.1,64.36,57.4397821101,197900,0.0000,1.0
2009-07-30,62.89,64.71,62.0,64.47,57.5379545158,263300,0.0000,1.0
2009-07-29,61.76,63.31,61.76,62.59,55.8600988544,336800,0.0000,1.0
2009-07-28,63.77,64.95,61.09,62.1,55.4227854108,743900,0.0000,1.0
2009-07-27,60.92,62.25,58.85,59.78,53.3522401265,280100,0.0000,1.0
2009-07-24,61.8,62.21,60.5,61.5,54.8872995614,165500,0.0000,1.0
2009-07-23,62.57,62.99,61.03,62.0,55.3335377692,151900,0.0000,1.0
2009-07-22,62.13,63.4,61.61,62.28,55.5834311656,301500,0.0000,1.0
2009-07-21,62.33,62.5,60.25,62.13,55.4495597032,159700,0.0000,1.0
2009-07-20,61.11,62.57,59.78,62.03,55.3603120617,223500,0.0000,1.0
2009-07-17,60.52,61.16,59.36,60.91,54.3607384762,152500,0.0000,1.0
2009-07-16,59.95,60.79,58.79,60.71,54.182243193,146100,0.0000,1.0
2009-07-15,59.42,59.57,58.03,59.29,52.9149266828,116900,0.0000,1.0
2009-07-14,59.01,59.05,57.65,58.99,52.6471837581,183600,0.0000,1.0
2009-07-13,55.68,59.57,54.71,59.23,52.8613780979,337100,0.0000,1.0
2009-07-10,59.3,60.73,58.59,58.75,52.4329894184,171100,0.0000,1.0
2009-07-09,60.8,61.66,59.28,59.69,53.2719172491,416900,0.0000,1.0
2009-07-08,59.43,61.04,59.43,60.27,53.7895535702,357400,0.0000,1.0
2009-07-07,60.07,60.07,58.5,59.09,52.7364313997,223900,0.0000,1.0
2009-07-06,58.92,60.0,58.56,59.85,53.4147134756,234700,0.0000,1.0
2009-07-02,59.45,59.62,58.48,58.8,52.4776132392,187800,0.0000,1.0
2009-07-01,60.31,60.92,59.78,60.31,53.8252526268,201700,0.0000,1.0
2009-06-30,59.15,60.66,59.03,59.96,53.5128858813,349300,0.0000,1.0
2009-06-29,58.4,59.2,57.9,58.57,52.2723436636,241400,0.0000,1.0
2009-06-26,57.53,58.87,56.94,58.65,52.3437417768,359900,0.0000,1.0
2009-06-25,55.29,57.9,55.29,57.75,51.5405130028,215200,0.0000,1.0
2009-06-24,55.36,56.67,54.76,55.73,49.7377106432,79700,0.0000,1.0
2009-06-23,55.92,56.05,54.02,54.88,48.9791056899,194800,0.0000,1.0
2009-06-22,57.27,57.87,55.61,55.82,49.8180335206,101600,0.0000,1.0
2009-06-19,58.93,59.35,56.76,57.25,51.0942747949,252800,0.0000,1.0
2009-06-18,56.89,58.16,56.57,58.11,51.8618045124,132900,0.0000,1.0
2009-06-17,55.0,60.27,54.93,56.98,50.8533061627,594500,0.0000,1.0
2009-06-16,53.86,55.14,53.86,54.9,48.9969552182,128900,0.0000,1.0
2009-06-15,53.53,54.33,52.3601,53.86,48.068779746,101600,0.0000,1.0
2009-06-12,53.44,54.51,52.98,54.28,48.4436198405,79600,0.0000,1.0
2009-06-11,53.92,54.35,53.44,53.56,47.8010368213,204100,0.0000,1.0
2009-06-10,54.5,55.28,52.77,53.68,47.9081339911,192500,0.0000,1.0
2009-06-09,54.62,55.29,53.93,54.54,48.6756637086,195800,0.0000,1.0
2009-06-08,54.69,55.16,53.87,54.6,48.7292122935,140600,0.0000,1.0
2009-06-05,54.82,55.28,52.85,54.64,48.7649113501,130400,0.0000,1.0
2009-06-04,54.93,54.93,53.65,54.67,48.7916856426,146000,0.0000,1.0
2009-06-03,54.18,55.6,53.74,55.43,49.4699677185,101100,0.0000,1.0
2009-06-02,52.35,54.92,51.49,54.64,48.7649113501,236200,0.0000,1.0
2009-06-01,52.65,53.12,51.68,52.88,47.1941528586,201900,0.0000,1.0
2009-05-29,51.37,53.15,51.37,52.19,46.5783441318,253800,0.0000,1.0
2009-05-28,52.03,52.75,50.0,50.76,45.3021028575,286100,0.0000,1.0
2009-05-27,53.83,54.27,51.2401,51.61,46.0607078108,245200,0.0000,1.0
2009-05-26,52.05,55.64,52.05,53.9,48.1044788026,173300,0.0000,1.0
2009-05-22,53.95,55.05,52.32,52.4,46.7657641791,95800,0.0000,1.0
2009-05-21,53.13,54.5,52.47,53.9,48.1044788026,177600,0.0000,1.0
2009-05-20,53.77,55.45,53.41,54.12,48.300823614,248100,0.0000,1.0
2009-05-19,51.87,54.43,51.27,53.34,47.6046920098,220800,0.0000,1.0
2009-05-18,50.56,53.22,50.56,52.58,46.9264099339,261100,0.0000,1.0
2009-05-15,49.57,50.76,49.28,50.35,44.9361875271,278100,0.0000,1.0
2009-05-14,49.65,50.63,49.35,49.6,44.2668302154,150100,0.0000,1.0
2009-05-13,50.26,50.42,49.36,49.66,44.3203788003,317900,0.0000,1.0
2009-05-12,50.02,51.5,48.75,51.21,45.7037172445,220700,0.0000,1.0
2009-05-11,47.5,51.37,47.5,50.37,44.9540370554,440600,0.0000,1.0
2009-05-08,47.78,48.63,47.43,48.0,42.8388679503,319400,0.0000,1.0
2009-05-07,48.3,48.75,46.37,47.55,42.4372535633,412200,0.0000,1.0
2009-05-06,49.19,49.19,47.46,48.19,43.0084384693,347900,0.0000,1.0
2009-05-05,48.87,49.12,47.98,48.86,43.6063976678,252300,0.0000,1.0
2009-05-04,48.97,50.95,48.74,48.95,43.6867205452,526800,0.0000,1.0
2009-05-01,50.55,51.17,48.81,49.05,43.7759681868,414400,0.0000,1.0
2009-04-30,53.69,55.0,49.58,51.38,45.8554382352,774500,0.0000,1.0
2009-04-29,53.14,55.1,53.02,53.52,47.7653377646,183600,0.0000,1.0
2009-04-28,51.05,53.84,50.64,53.29,47.560068189,213700,0.0000,1.0
2009-04-27,50.91,52.71,50.85,52.11,46.5069460186,196600,0.0000,1.0
2009-04-24,50.89,53.74,50.84,51.5,45.9625354051,309800,0.0000,1.0
2009-04-23,52.0,53.55,50.0,50.68,45.2307047442,325200,0.0000,1.0
2009-04-22,50.51,51.91,50.51,51.11,45.614469603,313900,0.0000,1.0
2009-04-21,51.86,51.86,49.65,51.16,45.6590934237,378600,0.0000,1.0
2009-04-20,50.71,52.1,50.68,51.86,46.2838269147,169400,0.0000,1.0
2009-04-17,50.43,51.67,50.14,51.5,45.9625354051,224200,0.0000,1.0
2009-04-16,50.34,50.96,49.58,50.34,44.9272627629,360900,0.0000,1.0
2009-04-15,49.68,50.61,49.3,50.34,44.9272627629,160700,0.0000,1.0
2009-04-14,47.59,50.21,46.74,49.69,44.3471530928,321800,0.0000,1.0
2009-04-13,47.03,48.11,46.37,48.05,42.8834917711,279800,0.0000,1.0
2009-04-09,48.82,50.07,47.05,47.51,42.4015545067,466100,0.0000,1.0
2009-04-08,49.64,50.24,47.96,48.08,42.9102660636,252700,0.0000,1.0
2009-04-07,50.93,52.11,48.31,49.15,43.8652158283,313500,0.0000,1.0
2009-04-06,52.25,52.71,50.95,51.65,46.0964068674,152600,0.0000,1.0
2009-04-03,52.38,52.83,52.06,52.77,47.0959804529,192800,0.0000,1.0
2009-04-02,50.76,53.06,50.28,52.56,46.9085604056,380700,0.0000,1.0
2009-04-01,51.5,51.93,49.28,50.14,44.7487674798,457900,0.0000,1.0
2009-03-31,53.88,54.61,52.67,53.0,47.3012500285,207200,0.0000,1.0
2009-03-30,54.64,54.64,51.17,53.27,47.5422186607,185300,0.0000,1.0
2009-03-27,53.28,55.0,53.1,53.71,47.9349082836,287500,0.0000,1.0
2009-03-26,51.85,53.94,50.93,53.91,48.1134035667,197700,0.0000,1.0
2009-03-25,50.25,51.61,49.74,51.54,45.9982344617,305200,0.0000,1.0
2009-03-24,51.91,52.43,49.53,49.7,44.3560778569,296400,0.0000,1.0
2009-03-23,51.5,52.73,49.0,52.63,46.9710337547,226700,0.0000,1.0
2009-03-20,49.94,50.924,49.445,49.52,44.1954321021,266500,0.0000,1.0
2009-03-19,49.77,50.12,47.9,49.51,44.186507338,284700,0.0000,1.0
2009-03-18,50.32,50.32,48.79,49.23,43.9366139416,260200,0.0000,1.0
2009-03-17,46.83,50.34,46.57,50.34,44.9272627629,354900,0.0000,1.0
2009-03-16,52.47,52.8799,45.15,46.09,41.1342379965,874400,0.0000,1.0
2009-03-13,52.6,52.6,48.28,51.9,46.3195259713,400900,0.0000,1.0
2009-03-12,50.66,52.68,49.91,52.45,46.8103879999,183700,0.0000,1.0
2009-03-11,50.56,52.39,50.56,51.0,45.5162971972,253700,0.0000,1.0
2009-03-10,47.48,51.06,47.06,50.94,45.4627486123,467000,0.0000,1.0
2009-03-09,46.25,48.78,46.15,47.01,41.9553162989,252900,0.0000,1.0
2009-03-06,47.97,48.99,45.85,46.74,41.7143476667,390500,0.0000,1.0
2009-03-05,49.07,49.85,45.91,47.8,42.6603726672,649100,0.0000,1.0
2009-03-04,54.26,55.2,49.35,49.91,44.5434979042,768200,0.0000,1.0
2009-03-03,54.36,55.8,53.0,53.83,48.0420054535,244900,0.0000,1.0
2009-03-02,54.54,56.12,53.07,53.63,47.8635101704,455900,0.0000,1.0
2009-02-27,54.75,57.03,53.71,55.46,49.496742011,250600,0.0000,1.0
2009-02-26,58.25,60.39,53.73,55.21,49.2736229071,666200,0.0000,1.0
2009-02-25,59.24,59.96,58.0,58.86,52.5311618241,180300,0.0000,1.0
2009-02-24,58.72,60.44,58.03,59.28,52.9060019187,438200,0.0000,1.0
2009-02-23,57.43,59.03,57.2436,58.24,51.9778264464,308500,0.0000,1.0
2009-02-20,56.42,58.34,55.28,56.79,50.6837356438,420900,0.0000,1.0
2009-02-19,61.1,61.24,56.56,56.95,50.8265318703,514100,0.0000,1.0
2009-02-18,60.06,61.87,60.06,60.46,53.9591240891,309200,0.0000,1.0
2009-02-17,58.14,61.96,57.38,60.6,54.0840707873,448900,0.0000,1.0
2009-02-13,59.92,61.4,58.4801,59.48,53.0844972018,470100,0.0000,1.0
2009-02-12,53.99,59.21,53.05,58.39,52.1116979088,1088900,0.0000,1.0
2009-02-11,57.5,58.69,56.47,56.95,50.8265318703,167000,0.0000,1.0
2009-02-10,58.0,58.75,56.79,57.19,51.04072621,160400,0.0000,1.0
2009-02-09,58.93,59.45,57.48,58.44,52.1563217296,146000,0.0000,1.0
2009-02-06,58.22,59.24,57.18,58.92,52.5847104091,180300,0.0000,1.0
2009-02-05,57.04,58.74,56.33,58.09,51.8439549841,216000,0.0000,1.0
2009-02-04,59.49,60.0,57.65,57.76,51.5494377669,141800,0.0000,1.0
2009-02-03,56.75,59.38,56.595,59.18,52.8167542771,296600,0.0000,1.0
2009-02-02,55.02,56.68,54.6,56.49,50.4159927191,153300,0.0000,1.0
2009-01-30,55.52,56.21,54.12,55.33,49.3807200769,184800,0.0000,1.0
2009-01-29,56.89,57.45,54.96,54.99,49.0772780956,391000,0.0000,1.0
2009-01-28,57.94,58.61,56.63,57.2,51.0496509742,181400,0.0000,1.0
2009-01-27,57.85,58.81,56.7,57.43,51.2549205498,129400,0.0000,1.0
2009-01-26,59.68,59.9,57.33,57.88,51.6565349368,252600,0.0000,1.0
2009-01-23,60.0,60.99,58.37,59.17,52.807829513,263000,0.0000,1.0
2009-01-22,57.02,61.1,57.02,60.21,53.7360049852,481100,0.0000,1.0
2009-01-21,56.74,58.07,56.2,57.91,51.6833092293,112900,0.0000,1.0
2009-01-20,59.82,59.82,55.87,56.45,50.3802936624,247100,0.0000,1.0
2009-01-16,58.36,58.36,55.93,57.04,50.9068547477,258700,0.0000,1.0
2009-01-15,55.455,59.14,54.15,58.06,51.8171806916,271500,0.0000,1.0
2009-01-14,56.8,57.61,54.44,55.1,49.1754505013,340900,0.0000,1.0
2009-01-13,56.86,58.36,56.7901,57.88,51.6565349368,160800,0.0000,1.0
2009-01-12,58.17,58.84,57.32,57.7,51.495889182,137600,0.0000,1.0
2009-01-09,58.39,60.34,57.9,58.45,52.1652464937,467400,0.0000,1.0
2009-01-08,54.37,56.25,54.37,56.14,50.1036259736,148000,0.0000,1.0
2009-01-07,56.49,56.57,54.86,55.23,49.2914724354,232400,0.0000,1.0
2009-01-06,58.45,59.02,56.05,56.81,50.7015851721,325300,0.0000,1.0
2009-01-05,58.84,59.4,57.32,58.25,51.9867512106,182300,0.0000,1.0
2009-01-02,59.08,59.78,58.01,58.29,52.0224502672,183000,0.0000,1.0
2008-12-31,58.54,60.0,58.54,58.76,52.4419141826,172700,0.0000,1.0
2008-12-30,56.64,58.7,55.97,58.66,52.352666541,131400,0.0000,1.0
2008-12-29,54.45,58.0,54.45,56.04,50.014378332,133500,0.0000,1.0
2008-12-26,55.65,55.99,54.55,55.86,49.8537325772,118200,0.0000,1.0
2008-12-24,56.52,56.56,54.9,55.23,49.2914724354,54200,0.0000,1.0
2008-12-23,56.85,57.48,54.7,56.66,50.5677137097,102700,0.0000,1.0
2008-12-22,56.04,56.93,54.0,56.15,50.1125507378,169900,0.0000,1.0
2008-12-19,57.66,58.46,55.53,56.36,50.299970785,249800,0.0000,1.0
2008-12-18,54.33,57.83,54.0,56.97,50.8443813986,200400,0.0000,1.0
2008-12-17,55.3,57.14,54.36,56.5,50.4249174832,194000,0.0000,1.0
2008-12-16,54.6,56.3199,52.76,55.89,49.8805068697,199300,0.0000,1.0
2008-12-15,55.59,56.1,52.97,53.59,47.8278111137,331400,0.0000,1.0
2008-12-12,52.81,55.5,52.5,55.38,49.4253438977,219900,0.0000,1.0
2008-12-11,53.21,54.39,52.89,53.34,47.6046920098,279600,0.0000,1.0
2008-12-10,52.1,55.2899,51.59,54.33,48.4882436613,379500,0.0000,1.0
2008-12-09,54.43,55.5899,51.73,51.79,46.2213535656,326700,0.0000,1.0
2008-12-08,58.44,58.49,54.11,54.86,48.9612561616,318600,0.0000,1.0
2008-12-05,52.49,56.53,52.01,56.39,50.3267450775,278400,0.0000,1.0
2008-12-04,54.14,55.93,52.05,52.63,46.9710337547,303400,0.0000,1.0
2008-12-03,51.61,55.5,51.54,54.65,48.7738361143,360400,0.0000,1.0
2008-12-02,54.97,55.5,53.18,53.97,48.1669521517,329400,0.0000,1.0
2008-12-01,58.6,58.6,54.44,54.73,48.8452342276,354300,0.0000,1.0
2008-11-28,58.25,59.99,56.76,59.86,53.4236382397,101200,0.0000,1.0
2008-11-26,54.01,61.168,52.71,58.76,52.4419141826,619600,0.0000,1.0
2008-11-25,56.46,56.46,52.9001,55.19,49.2557733787,324800,0.0000,1.0
2008-11-24,53.0,56.5,52.66,56.03,50.0054535679,520100,0.0000,1.0
2008-11-21,51.13,53.87,48.8,52.5,46.8550118207,2099200,0.0000,1.0
2008-11-20,50.85,52.54,50.11,50.87,45.4002752632,679500,0.0000,1.0
2008-11-19,51.0,52.9,49.42,49.49,44.1686578096,190300,0.0000,1.0
2008-11-18,51.21,52.65,50.78,51.17,45.6680181879,309200,0.0000,1.0
2008-11-17,50.29,51.93,49.8,51.16,45.6590934237,205400,0.0000,1.0
2008-11-14,50.57,51.99,47.79,50.8,45.3378019141,275300,0.0000,1.0
2008-11-13,52.98,52.98,48.63,51.36,45.8375887069,498400,0.0000,1.0
2008-11-12,52.25,53.0,51.15,51.83,46.2570526222,204600,0.0000,1.0
2008-11-11,53.07,54.5,52.1,52.95,47.2566262077,322600,0.0000,1.0
2008-11-10,53.44,54.68,51.86,54.2,48.3722217273,234900,0.0000,1.0
2008-11-07,49.7,53.77,48.72,52.49,46.8460870565,300300,0.0000,1.0
2008-11-06,43.47,50.57,42.01,48.76,43.5171500262,513500,0.0000,1.0
2008-11-05,43.44,44.488,40.94,42.06,37.5375580415,215300,0.0000,1.0
2008-11-04,46.96,46.96,42.85,43.36,38.6977773818,171100,0.0000,1.0
2008-11-03,49.7,49.71,45.17,45.9,40.9646674775,159900,0.0000,1.0
2008-10-31,45.95,49.11,44.1,47.4,42.303382101,169700,0.0000,1.0
2008-10-30,41.64,46.57,41.22,46.13,41.1699370531,227900,0.0000,1.0
2008-10-29,37.68,42.23,36.05,40.37,36.0292728991,267200,0.0000,1.0
2008-10-28,37.24,38.37,36.12,37.49,33.4589408221,183700,0.0000,1.0
2008-10-27,36.75,39.56,36.42,36.43,32.5129158215,128600,0.0000,1.0
2008-10-24,35.37,37.6,35.36,37.18,33.1822731332,284700,0.0000,1.0
2008-10-23,36.26,38.05,36.0,37.13,33.1376493124,342200,0.0000,1.0
2008-10-22,35.32,37.13,35.32,36.04,32.1648500194,247200,0.0000,1.0
2008-10-21,36.29,36.76,35.28,35.92,32.0577528495,307900,0.0000,1.0
2008-10-20,40.69,41.66,35.58,36.33,32.4236681799,511200,0.0000,1.0
2008-10-17,39.32,40.53,36.21,39.95,35.6544328045,228600,0.0000,1.0
2008-10-16,36.58,40.16,35.0,39.85,35.5651851629,302800,0.0000,1.0
2008-10-15,40.78,41.17,36.33,36.35,32.4415177082,134200,0.0000,1.0
2008-10-14,44.0,45.255,41.01,41.27,36.8325016731,177800,0.0000,1.0
2008-10-13,39.98,42.98,37.1,42.88,38.2693887023,156300,0.0000,1.0
2008-10-10,35.15,39.34,34.78,38.43,34.2978686527,321000,0.0000,1.0
2008-10-09,38.82,39.6,35.96,36.33,32.4236681799,147800,0.0000,1.0
2008-10-08,39.91,41.0,38.85,39.06,34.8601287946,285500,0.0000,1.0
2008-10-07,40.56,42.74,39.87,40.06,35.7526052102,207100,0.0000,1.0
2008-10-06,41.57,42.54,40.05,40.86,36.4665863427,192800,0.0000,1.0
2008-10-03,43.09,45.0,42.24,42.56,37.9837962493,165300,0.0000,1.0
2008-10-02,43.08,43.72,42.59,42.96,38.3407868156,164900,0.0000,1.0
2008-10-01,42.86,44.35,41.15,43.51,38.8316488442,117200,0.0000,1.0
2008-09-30,42.5,43.5,41.73,42.86,38.251539174,157400,0.0000,1.0
2008-09-29,41.14,44.14,41.0,42.2,37.6625047397,329200,0.0000,1.0
2008-09-26,42.15,42.32,41.15,41.22,36.7878778524,149800,0.0000,1.0
2008-09-25,43.5,44.05,42.15,42.23,37.6892790322,321000,0.0000,1.0
2008-09-24,47.21,47.21,43.138,43.2,38.5549811553,533000,0.0000,1.0
2008-09-23,50.49,50.49,47.05,47.34,42.249833516,168300,0.0000,1.0
2008-09-22,51.5,51.65,49.61,49.87,44.5077988476,155300,0.0000,1.0
2008-09-19,51.06,53.59,49.25,51.65,46.0964068674,399600,0.0000,1.0
2008-09-18,48.49,49.86,46.49,49.61,44.2757549795,490900,0.0000,1.0
2008-09-17,45.19,48.46,45.19,47.25,42.1695106386,474500,0.0000,1.0
2008-09-16,45.77,47.39,44.96,47.26,42.1784354028,175900,0.0000,1.0
2008-09-15,47.61,47.68,46.23,46.73,41.7054229025,137500,0.0000,1.0
2008-09-12,46.29,47.6,46.07,47.57,42.4551030916,130000,0.0000,1.0
2008-09-11,45.56,46.65,44.8,46.56,41.5537019118,240100,0.0000,1.0
2008-09-10,46.26,46.945,45.27,45.95,41.0092912983,402100,0.0000,1.0
2008-09-09,47.13,47.73,45.35,45.6,40.6969245528,304600,0.0000,1.0
2008-09-08,47.71,49.08,46.8,46.98,41.9285420064,182900,0.0000,1.0
2008-09-05,48.86,49.96,46.38,46.72,41.6964981383,335700,0.0000,1.0
2008-09-04,50.01,50.11,48.46,48.84,43.5885481395,158600,0.0000,1.0
2008-09-03,50.33,50.64,49.68,50.16,44.7666170081,119900,0.0000,1.0
2008-09-02,50.54,51.09,49.87,50.64,45.1950056876,184300,0.0000,1.0
2008-08-29,50.71,50.71,49.31,49.71,44.3650026211,130200,0.0000,1.0
2008-08-28,51.1,51.17,50.57,50.75,45.2931780933,205400,0.0000,1.0
2008-08-27,51.16,51.38,50.44,51.07,45.5787705463,144000,0.0000,1.0
2008-08-26,51.25,51.55,50.56,51.06,45.5698457822,77000,0.0000,1.0
2008-08-25,52.53,52.53,50.29,51.08,45.5876953105,63300,0.0000,1.0
2008-08-22,52.81,53.27,52.26,52.55,46.8996356415,51600,0.0000,1.0
2008-08-21,52.78,53.82,51.884,52.25,46.6318927168,76900,0.0000,1.0
2008-08-20,52.8,53.92,51.62,53.17,47.4529710192,103700,0.0000,1.0
2008-08-19,52.81,53.49,51.98,52.49,46.8460870565,66000,0.0000,1.0
2008-08-18,54.01,54.01,52.51,53.18,47.4618957833,42200,0.0000,1.0
2008-08-15,54.34,54.34,53.16,54.01,48.2026512083,209200,0.0000,1.0
2008-08-14,53.62,54.58,52.98,53.91,48.1134035667,137700,0.0000,1.0
2008-08-13,54.88,55.29,53.82,54.02,48.2115759725,101500,0.0000,1.0
2008-08-12,58.33,58.33,53.61,54.88,48.9791056899,270200,0.0000,1.0
2008-08-11,54.93,57.0,54.1301,56.75,50.6480365871,158800,0.0000,1.0
2008-08-08,54.6,55.36,53.49,55.0,49.0862028598,145800,0.0000,1.0
2008-08-07,52.23,54.53,51.12,53.72,47.9438330478,223600,0.0000,1.0
2008-08-06,50.89,53.18,50.82,52.89,47.2030776228,363400,0.0000,1.0
2008-08-05,50.94,52.4,49.95,51.1,45.6055448388,487500,0.0000,1.0
2008-08-04,51.55,52.62,50.41,52.0,46.4087736129,397500,0.0000,1.0
2008-08-01,52.73,53.02,50.93,51.36,45.8375887069,184400,0.0000,1.0
2008-07-31,53.14,55.87,50.0,52.2,46.587268896,1240500,0.0000,1.0
2008-07-30,58.7,60.0399,57.98,58.5,52.2098703145,178100,0.0000,1.0
2008-07-29,59.22,60.08,58.03,58.56,52.2634188994,191900,0.0000,1.0
2008-07-28,62.15,62.86,58.59,58.9,52.5668608807,177400,0.0000,1.0
2008-07-25,62.16,62.83,60.68,62.52,55.7976255053,78900,0.0000,1.0
2008-07-24,62.24,63.14,61.09,61.5,54.8872995614,143800,0.0000,1.0
2008-07-23,59.84,62.318,59.61,61.9,55.2442901276,151800,0.0000,1.0
2008-07-22,57.15,59.85,57.15,59.59,53.1826696075,184600,0.0000,1.0
2008-07-21,58.37,58.43,57.4,57.6,51.4066415404,302900,0.0000,1.0
2008-07-18,58.35,59.69,57.5,57.94,51.7100835217,104400,0.0000,1.0
2008-07-17,57.89,59.35,57.5,58.5,52.2098703145,167200,0.0000,1.0
2008-07-16,54.08,58.15,53.19,57.8,51.5851368235,513600,0.0000,1.0
2008-07-15,55.2,56.41,53.77,53.97,48.1669521517,529200,0.0000,1.0
2008-07-14,58.86,59.9,55.22,55.68,49.6930868224,442600,0.0000,1.0
2008-07-11,58.86,60.82,58.7,59.85,53.4147134756,178300,0.0000,1.0
2008-07-10,59.0,59.78,58.9,59.51,53.1112714943,112700,0.0000,1.0
2008-07-09,60.35,60.38,58.98,58.99,52.6471837581,74900,0.0000,1.0
2008-07-08,59.36,60.32,58.79,60.21,53.7360049852,120200,0.0000,1.0
2008-07-07,61.58,61.91,58.76,59.14,52.7810552205,124500,0.0000,1.0
2008-07-03,60.48,61.57,59.96,61.1,54.5303089951,76600,0.0000,1.0
2008-07-02,59.41,61.29,59.41,60.46,53.9591240891,252400,0.0000,1.0
2008-07-01,59.26,59.32,57.08,58.89,52.5579361166,205800,0.0000,1.0
2008-06-30,59.04,60.36,58.56,59.65,53.2362181925,208900,0.0000,1.0
2008-06-27,58.91,59.88,58.87,58.98,52.638258994,690700,0.0000,1.0
2008-06-26,57.82,59.23,57.45,58.93,52.5936351732,163700,0.0000,1.0
2008-06-25,57.72,58.42,57.27,58.42,52.1384722012,316000,0.0000,1.0
2008-06-24,60.56,62.0,57.51,57.63,51.4334158329,260600,0.0000,1.0
2008-06-23,61.89,62.1,60.77,61.08,54.5124594668,96300,0.0000,1.0
2008-06-20,61.32,61.8,60.55,61.4,54.7980519198,259600,0.0000,1.0
2008-06-19,61.0,61.98,60.71,61.78,55.1371929578,133500,0.0000,1.0
2008-06-18,61.42,62.26,60.72,61.0,54.4410613536,88200,0.0000,1.0
2008-06-17,62.55,62.55,61.3,61.61,54.9854719671,151600,0.0000,1.0
2008-06-16,61.77,62.71,60.51,62.44,55.7262273921,177300,0.0000,1.0
2008-06-13,61.9,62.46,60.7,62.13,55.4495597032,106900,0.0000,1.0
2008-06-12,62.19,62.21,60.68,61.33,54.7355785707,66600,0.0000,1.0
2008-06-11,62.42,62.6,60.97,61.47,54.8605252689,139200,0.0000,1.0
2008-06-10,62.09,63.5,61.66,62.71,55.9671960243,71400,0.0000,1.0
2008-06-09,63.13,63.27,61.36,62.06,55.3870863541,160800,0.0000,1.0
2008-06-06,65.29,65.66,62.78,62.78,56.0296693734,168800,0.0000,1.0
2008-06-05,65.14,66.85,64.83,65.85,58.7695719694,150500,0.0000,1.0
2008-06-04,64.72,66.19,63.8,64.83,57.8592460254,157300,0.0000,1.0
2008-06-03,65.76,66.33,63.83,65.16,58.1537632426,116800,0.0000,1.0
2008-06-02,64.91,65.52,64.36,65.27,58.2519356483,165900,0.0000,1.0
2008-05-30,65.17,65.59,62.9,64.91,57.9306441387,247900,0.0000,1.0
2008-05-29,62.88,65.59,62.23,64.85,57.8770955538,152800,0.0000,1.0
2008-05-28,62.75,63.44,61.5,63.2,56.404509468,132000,0.0000,1.0
2008-05-27,62.04,63.1,61.4,62.73,55.9850455526,115500,0.0000,1.0
2008-05-23,61.58,62.63,61.35,62.105,55.4272477928,129500,0.0000,1.0
2008-05-22,61.07,62.8548,60.66,62.1,55.4227854108,149100,0.0000,1.0
2008-05-21,62.06,63.06,60.11,61.18,54.6017071084,178900,0.0000,1.0
2008-05-20,62.73,62.73,59.65,62.11,55.4317101749,442700,0.0000,1.0
2008-05-19,63.26,64.31,61.89,62.99,56.2170894207,163700,0.0000,1.0
2008-05-16,64.68,64.9,63.13,63.26,56.4580580529,128300,0.0000,1.0
2008-05-15,64.22,65.13,63.24,64.19,57.2880611194,106400,0.0000,1.0
2008-05-14,66.48,66.68,64.19,64.44,57.5111802233,122900,0.0000,1.0
2008-05-13,64.4,66.52,63.24,66.25,59.1265625356,195000,0.0000,1.0
2008-05-12,61.92,65.0,61.36,64.44,57.5111802233,171700,0.0000,1.0
2008-05-09,60.55,62.34,60.55,61.94,55.2799891843,112900,0.0000,1.0
2008-05-08,61.96,62.28,60.32,61.36,54.7623528632,116700,0.0000,1.0
2008-05-07,63.94,63.94,61.68,61.91,55.2532148918,95900,0.0000,1.0
2008-05-06,62.0,64.1,62.0,63.9,57.0292429589,103900,0.0000,1.0
2008-05-05,62.17,62.83,60.83,62.52,55.7976255053,105100,0.0000,1.0
2008-05-02,62.86,63.44,60.82,61.8,55.1550424861,201800,0.0000,1.0
2008-05-01,63.61,63.99,59.41,62.15,55.4674092315,631100,0.0000,1.0
2008-04-30,64.4,66.15,63.75,64.49,57.5558040441,155500,0.0000,1.0
2008-04-29,63.76,63.95,63.19,63.85,56.9846191381,77400,0.0000,1.0
2008-04-28,64.8,64.8,63.18,63.95,57.0738667797,148800,0.0000,1.0
2008-04-25,63.44,65.02,62.86,64.84,57.8681707896,302200,0.0000,1.0
2008-04-24,61.75,63.44,60.41,63.18,56.3866599396,118700,0.0000,1.0
2008-04-23,61.58,61.88,60.06,61.77,55.1282681936,137700,0.0000,1.0
2008-04-22,61.65,61.65,60.14,61.31,54.7177290424,128900,0.0000,1.0
2008-04-21,60.9,63.2,59.82,62.01,55.3424625334,81100,0.0000,1.0
2008-04-18,61.77,62.0,60.09,61.39,54.7891271557,168900,0.0000,1.0
2008-04-17,60.23,60.74,59.956,60.4,53.9055755042,82000,0.0000,1.0
2008-04-16,60.96,60.96,59.95,60.62,54.1019203156,172100,0.0000,1.0
2008-04-15,61.47,61.47,59.76,60.0,53.5485849379,148100,0.0000,1.0
2008-04-14,62.19,62.39,60.32,61.33,54.7355785707,155200,0.0000,1.0
2008-04-11,61.39,62.43,60.72,62.25,55.5566568731,131500,0.0000,1.0
2008-04-10,59.82,62.56,59.4901,61.82,55.1728920144,157600,0.0000,1.0
2008-04-09,60.42,61.0,59.37,59.63,53.2183686642,210900,0.0000,1.0
2008-04-08,59.17,60.27,57.8,60.04,53.5842839946,260300,0.0000,1.0
2008-04-07,61.75,62.17,60.23,60.3,53.8163278626,130800,0.0000,1.0
2008-04-04,59.39,61.76,57.47,60.8,54.2625660704,326100,0.0000,1.0
2008-04-03,57.89,58.56,56.66,58.56,52.2634188994,162100,0.0000,1.0
2008-04-02,56.99,58.31,56.79,57.96,51.72793305,203200,0.0000,1.0
2008-04-01,54.34,57.15,54.28,56.99,50.8622309269,214000,0.0000,1.0
2008-03-31,54.5,54.86,53.85,54.6,48.7292122935,344300,0.0000,1.0
2008-03-28,57.09,57.79,53.12,54.26,48.4257703122,712100,0.0000,1.0
2008-03-27,60.31,60.31,59.07,59.2,52.8346038054,109300,0.0000,1.0
2008-03-26,60.34,60.69,59.27,60.37,53.8788012117,135500,0.0000,1.0
2008-03-25,60.84,62.31,59.36,60.28,53.7984783343,185300,0.0000,1.0
2008-03-24,57.78,61.0,57.24,60.96,54.4053622969,268600,0.0000,1.0
2008-03-20,55.28,58.93,54.88,58.06,51.8171806916,391300,0.0000,1.0
2008-03-19,55.91,55.91,54.01,54.02,48.2115759725,161500,0.0000,1.0
2008-03-18,54.31,57.26,54.11,56.05,50.0233030962,240600,0.0000,1.0
2008-03-17,55.14,56.02,52.82,53.12,47.4083471984,189600,0.0000,1.0
2008-03-14,56.92,57.46,54.54,56.78,50.6748108796,196700,0.0000,1.0
2008-03-13,54.3,56.67,52.85,56.55,50.469541304,131300,0.0000,1.0
2008-03-12,54.22,55.34,52.9,54.64,48.7649113501,146100,0.0000,1.0
2008-03-11,52.9,54.15,51.84,54.14,48.3186731423,185700,0.0000,1.0
2008-03-10,52.82,53.38,51.35,51.74,46.1767297448,251100,0.0000,1.0
2008-03-07,52.5,54.18,52.15,52.74,47.0692061604,151100,0.0000,1.0
2008-03-06,56.37,56.94,53.07,53.18,47.4618957833,161000,0.0000,1.0
2008-03-05,55.25,57.34,54.31,56.8,50.6926604079,376000,0.0000,1.0
2008-03-04,51.8,55.63,50.8501,54.87,48.9701809257,381200,0.0000,1.0
2008-03-03,53.1,54.01,51.06,51.47,45.9357611126,319400,0.0000,1.0
2008-02-29,53.19,53.5,51.16,52.71,47.042431868,639700,0.0000,1.0
2008-02-28,53.25,54.06,52.63,53.95,48.1491026234,517500,0.0000,1.0
2008-02-27,55.0,55.91,53.53,54.76,48.87200852,218300,0.0000,1.0
2008-02-26,53.5,56.76,53.5,55.32,49.3717953128,418400,0.0000,1.0
2008-02-25,52.12,55.14,51.8,53.85,48.0598549818,486400,0.0000,1.0
2008-02-22,51.58,53.29,51.58,52.31,46.6854413017,331900,0.0000,1.0
2008-02-21,53.75,53.75,50.82,51.4,45.8732877635,366800,0.0000,1.0
2008-02-20,53.21,53.73,52.0,53.39,47.6493158306,204300,0.0000,1.0
2008-02-19,55.25,55.9,52.62,53.69,47.9170587553,372200,0.0000,1.0
2008-02-15,54.66,55.9,54.37,55.46,49.496742011,309600,0.0000,1.0
2008-02-14,58.15,59.11,53.84,55.14,49.211149558,939400,0.0000,1.0
2008-02-13,60.33,61.38,59.1,61.35,54.753428099,116800,0.0000,1.0
2008-02-12,59.42,61.52,57.2,61.08,54.5124594668,186400,0.0000,1.0
2008-02-11,59.2,60.08,58.58,59.0,52.6561085223,135700,0.0000,1.0
2008-02-08,59.23,61.0,58.52,59.61,53.2005191358,116100,0.0000,1.0
2008-02-07,60.22,61.02,58.56,59.56,53.1558953151,173100,0.0000,1.0
2008-02-06,61.2,62.38,60.55,60.66,54.1376193723,137800,0.0000,1.0
2008-02-05,60.77,61.16,59.26,60.7,54.1733184289,151500,0.0000,1.0
2008-02-04,63.29,64.15,60.64,61.03,54.467835646,231900,0.0000,1.0
2008-02-01,62.5,64.55,62.04,63.59,56.7525752701,95900,0.0000,1.0
2008-01-31,59.5,63.81,59.5,63.08,56.2974122981,147400,0.0000,1.0
2008-01-30,60.97,62.29,59.69,59.88,53.4414877681,112400,0.0000,1.0
2008-01-29,61.89,62.09,60.11,61.37,54.7712776274,195600,0.0000,1.0
2008-01-28,58.67,61.97,57.83,61.76,55.1193434294,206300,0.0000,1.0
2008-01-25,60.66,61.37,58.15,58.68,52.3705160693,209200,0.0000,1.0
2008-01-24,57.5,62.22,57.06,60.03,53.5753592304,520200,0.0000,1.0
2008-01-23,56.0,57.89,55.17,56.97,50.8443813986,308700,0.0000,1.0
2008-01-22,58.05,60.49,55.99,57.5,51.3173938989,535900,0.0000,1.0
2008-01-18,62.06,64.11,59.11,59.81,53.379014419,245000,0.0000,1.0
2008-01-17,63.75,66.79,61.57,62.08,55.4049358825,221300,0.0000,1.0
2008-01-16,64.78,66.52,63.4,63.65,56.806123855,200100,0.0000,1.0
2008-01-15,67.11,69.0,65.0,65.26,58.2430108842,249200,0.0000,1.0
2008-01-14,66.95,69.81,66.2,68.54,61.1703335274,129100,0.0000,1.0
2008-01-11,67.8,68.76,65.86,66.38,59.2425844697,166800,0.0000,1.0
2008-01-10,66.41,69.26,64.0,68.47,61.1078601783,221000,0.0000,1.0
2008-01-09,62.61,67.69,62.596,67.2,59.9744151305,466900,0.0000,1.0
2008-01-08,63.96,65.5699,62.26,62.4,55.6905283355,183600,0.0000,1.0
2008-01-07,64.22,65.48,61.96,64.0,57.1184906005,229700,0.0000,1.0
2008-01-04,65.88,66.61,63.47,64.3,57.3862335252,284100,0.0000,1.0
2008-01-03,62.29,67.0,62.23,66.86,59.6709731492,310400,0.0000,1.0
2008-01-02,65.06,65.41,61.68,62.57,55.8422493261,340900,0.0000,1.0
2007-12-31,64.84,66.52,62.25,65.46,58.4215061673,269000,0.0000,1.0
2007-12-28,71.76,71.95,65.19,65.21,58.1983870634,295500,0.0000,1.0
2007-12-27,72.71,72.71,70.31,70.63,63.0356092361,80500,0.0000,1.0
2007-12-26,71.65,73.22,70.8,72.32,64.5438943785,96400,0.0000,1.0
2007-12-24,73.5,74.552,71.24,71.3,63.6335684346,59100,0.0000,1.0
2007-12-21,71.08,73.86,70.57,73.24,65.3649726809,279700,0.0000,1.0
2007-12-20,69.49,70.95,68.45,69.96,62.4376500376,88900,0.0000,1.0
2007-12-19,71.6,72.34,68.9,69.56,62.0806594714,122700,0.0000,1.0
2007-12-18,70.15,72.77,69.24,71.91,64.1779790481,135000,0.0000,1.0
2007-12-17,69.77,71.21,68.6,69.21,61.7682927259,180700,0.0000,1.0
2007-12-14,73.8,74.14,69.79,69.92,62.401950981,187100,0.0000,1.0
2007-12-13,71.81,74.53,71.76,74.4,66.400245323,138100,0.0000,1.0
2007-12-12,71.0,75.34,71.0,72.23,64.4635715011,240900,0.0000,1.0
2007-12-11,68.8,72.34,67.53,70.66,63.0623835286,290800,0.0000,1.0
2007-12-10,71.08,71.88,68.39,68.8,61.4023773955,212200,0.0000,1.0
2007-12-07,74.89,74.9,70.2,71.06,63.4193740948,139300,0.0000,1.0
2007-12-06,73.63,74.94,73.63,74.27,66.284223389,195100,0.0000,1.0
2007-12-05,72.82,74.74,71.85,73.02,65.1686278695,200200,0.0000,1.0
2007-12-04,70.89,73.13,70.7,71.38,63.7049665478,232500,0.0000,1.0
2007-12-03,69.36,71.7599,69.29,70.89,63.2676531042,126000,0.0000,1.0
2007-11-30,69.6,71.98,69.38,70.42,62.8481891888,198100,0.0000,1.0
2007-11-29,71.25,72.85,69.65,70.5,62.9195873021,216400,0.0000,1.0
2007-11-28,67.76,72.13,67.76,71.26,63.597869378,323500,0.0000,1.0
2007-11-27,66.83,67.58,66.15,67.08,59.8673179606,184500,0.0000,1.0
2007-11-26,68.49,68.82,65.7601,66.76,59.5817255076,157600,0.0000,1.0
2007-11-23,67.74,68.9599,67.65,68.01,60.6973210272,21800,0.0000,1.0
2007-11-21,69.19,69.6999,67.25,67.34,60.0993618287,59100,0.0000,1.0
2007-11-20,69.64,70.85,67.55,69.73,62.232380462,207000,0.0000,1.0
2007-11-19,68.9,70.0,68.49,69.37,61.9110889524,117100,0.0000,1.0
2007-11-16,70.15,70.55,68.11,69.79,62.285929047,151500,0.0000,1.0
2007-11-15,70.83,71.6,68.51,69.98,62.4554995659,99500,0.0000,1.0
2007-11-14,67.59,72.0,67.59,70.8,63.1873302268,245900,0.0000,1.0
2007-11-13,68.33,68.6195,66.0,67.03,59.8226941398,274900,0.0000,1.0
2007-11-12,71.67,73.2,67.23,67.42,60.1707599419,259800,0.0000,1.0
2007-11-09,73.4,73.95,71.54,72.09,64.3386248029,345800,0.0000,1.0
2007-11-08,71.87,75.38,71.21,74.0,66.0432547568,263700,0.0000,1.0
2007-11-07,71.44,72.25,71.01,71.5,63.8120637177,138200,0.0000,1.0
2007-11-06,69.95,72.23,68.93,72.03,64.285076218,204200,0.0000,1.0
2007-11-05,68.1,69.42,67.06,68.98,61.5630231503,509000,0.0000,1.0
2007-11-02,67.0,71.04,65.65,69.99,62.4644243301,291600,0.0000,1.0
2007-11-01,62.1,70.49,61.9,66.63,59.4657035736,463500,0.0000,1.0
2007-10-31,62.0,62.6,61.7,62.0,55.3335377692,149400,0.0000,1.0
2007-10-30,62.0,64.16,61.47,62.05,55.37816159,108000,0.0000,1.0
2007-10-29,62.98,62.98,62.21,62.22,55.5298825806,52900,0.0000,1.0
2007-10-26,62.25,63.4,61.59,62.98,56.2081646565,142500,0.0000,1.0
2007-10-25,62.47,62.92,61.52,61.99,55.324613005,100500,0.0000,1.0
2007-10-24,62.16,62.89,62.14,62.52,55.7976255053,138700,0.0000,1.0
2007-10-23,63.04,64.03,62.16,62.79,56.0385941376,93700,0.0000,1.0
2007-10-22,61.3,63.34,61.26,62.94,56.1724655999,103100,0.0000,1.0
2007-10-19,64.3,64.3,61.44,61.93,55.2710644201,114900,0.0000,1.0
2007-10-18,64.4,64.72,64.0,64.28,57.3683839968,48600,0.0000,1.0
2007-10-17,64.73,64.9,64.2,64.64,57.6896755065,102900,0.0000,1.0
2007-10-16,62.8,64.99,62.67,63.99,57.1095658363,338900,0.0000,1.0
2007-10-15,61.59,62.93,61.33,62.9,56.1367665433,98900,0.0000,1.0
2007-10-12,61.52,62.5,61.39,61.67,55.039020552,137400,0.0000,1.0
2007-10-11,61.98,63.45,60.53,61.79,55.1461177219,206300,0.0000,1.0
2007-10-10,60.49,62.0,59.47,61.95,55.2889139484,282100,0.0000,1.0
2007-10-09,62.01,62.88,61.45,62.88,56.118917015,383200,0.0000,1.0
2007-10-08,62.13,62.3,61.59,61.98,55.3156882409,195400,0.0000,1.0
2007-10-05,60.93,62.35,59.83,62.14,55.4584844674,218300,0.0000,1.0
2007-10-04,58.09,60.95,57.93,60.25,53.7717040418,260400,0.0000,1.0
2007-10-03,56.37,59.01,56.25,58.09,51.8439549841,213500,0.0000,1.0
2007-10-02,57.75,59.84,57.56,58.81,52.4865380033,197900,0.0000,1.0
2007-10-01,55.81,58.2,55.03,57.5,51.3173938989,246100,0.0000,1.0
2007-09-28,57.0,57.84,54.63,55.91,49.898356398,262300,0.0000,1.0
2007-09-27,57.84,57.84,55.1001,56.85,50.7372842287,167700,0.0000,1.0
2007-09-26,56.75,57.81,55.62,57.47,51.2906196064,128800,0.0000,1.0
2007-09-25,56.87,57.28,56.4301,56.84,50.7283594645,181700,0.0000,1.0
2007-09-24,55.49,57.99,55.46,57.0,50.871155691,215000,0.0000,1.0
2007-09-21,54.55,55.61,54.27,55.1,49.1754505013,268700,0.0000,1.0
2007-09-20,54.16,54.44,53.5,54.14,48.3186731423,86800,0.0000,1.0
2007-09-19,53.48,54.62,53.48,53.99,48.18480168,160400,0.0000,1.0
2007-09-18,51.51,53.79,51.5,53.5,47.7474882363,270000,0.0000,1.0
2007-09-17,51.0,51.45,50.558,51.34,45.8197391786,95300,0.0000,1.0
2007-09-14,51.01,51.79,50.63,51.18,45.6769429521,68400,0.0000,1.0
2007-09-13,51.31,51.55,50.97,51.27,45.7572658295,86600,0.0000,1.0
2007-09-12,50.4,51.97,50.23,51.27,45.7572658295,101400,0.0000,1.0
2007-09-11,48.88,50.79,48.88,50.62,45.1771561593,202700,0.0000,1.0
2007-09-10,49.57,49.76,46.95,48.32,43.1244604034,111200,0.0000,1.0
2007-09-07,49.68,50.08,48.82,49.46,44.1418835172,91300,0.0000,1.0
2007-09-06,50.25,50.25,49.07,49.91,44.5434979042,83400,0.0000,1.0
2007-09-05,50.29,50.29,49.56,50.12,44.7309179515,142700,0.0000,1.0
2007-09-04,50.41,50.41,49.65,50.16,44.7666170081,156700,0.0000,1.0
2007-08-31,50.06,51.6,49.99,50.41,44.989736112,77900,0.0000,1.0
2007-08-30,51.12,51.84,50.48,50.82,45.3556514424,64400,0.0000,1.0
2007-08-29,50.14,51.83,49.81,51.69,46.132105924,161700,0.0000,1.0
2007-08-28,49.72,51.06,49.49,50.06,44.6773693666,168600,0.0000,1.0
2007-08-27,49.78,50.74,48.61,50.15,44.757692244,163400,0.0000,1.0
2007-08-24,49.5,49.75,47.98,48.47,43.2583318657,131000,0.0000,1.0
2007-08-23,50.78,51.49,49.25,49.38,44.0704854039,271200,0.0000,1.0
2007-08-22,48.0,52.12,48.0,51.45,45.9179115843,354000,0.0000,1.0
2007-08-21,48.0,48.0,46.15,47.92,42.7674698371,196000,0.0000,1.0
2007-08-20,48.5,49.0,46.18,47.8,42.6603726672,187000,0.0000,1.0
2007-08-17,46.0,49.97,45.7,48.36,43.16015946,450600,0.0000,1.0
2007-08-16,44.04,45.99,43.53,45.73,40.8129464869,188500,0.0000,1.0
2007-08-15,44.71,45.71,44.05,44.05,39.3135861086,267300,0.0000,1.0
2007-08-14,44.87,44.92,43.38,44.5,39.7152004956,152300,0.0000,1.0
2007-08-13,44.65,46.0,44.03,44.42,39.6438023824,147600,0.0000,1.0
2007-08-10,42.15,44.59,41.38,44.15,39.4028337502,139500,0.0000,1.0
2007-08-09,43.55,44.86,42.3,42.65,38.0641191267,140400,0.0000,1.0
2007-08-08,44.36,45.0,43.62,44.67,39.8669214863,259600,0.0000,1.0
2007-08-07,43.62,45.4,43.25,44.05,39.3135861086,249000,0.0000,1.0
2007-08-06,43.25,44.24,42.01,43.75,39.0458431839,215300,0.0000,1.0
2007-08-03,43.64,44.65,42.4,42.73,38.13551724,200800,0.0000,1.0
2007-08-02,46.0,46.04,43.02,43.48,38.8048745517,465900,0.0000,1.0
2007-08-01,44.52,46.0,44.25,45.11,40.2596111092,222500,0.0000,1.0
2007-07-31,44.87,45.59,44.0001,44.71,39.9026205429,310400,0.0000,1.0
2007-07-30,43.03,44.95,42.13,44.62,39.8222976655,204700,0.0000,1.0
2007-07-27,40.59,44.25,40.5,42.63,38.0462695984,234000,0.0000,1.0
2007-07-26,40.26,41.15,38.25,40.57,36.2077681822,178600,0.0000,1.0
2007-07-25,41.65,41.65,39.63,40.98,36.5736835126,215900,0.0000,1.0
2007-07-24,43.55,43.71,41.03,41.4001,36.9486128548,146200,0.0000,1.0
2007-07-23,43.05,44.99,42.99,43.68,38.9833698348,124800,0.0000,1.0
2007-07-20,43.27,43.49,42.41,43.05,38.421109693,86100,0.0000,1.0
2007-07-19,43.49,44.18,43.1,43.38,38.7156269101,66200,0.0000,1.0
2007-07-18,43.66,43.89,41.96,43.39,38.7245516743,149400,0.0000,1.0
2007-07-17,43.0,44.76,43.0,44.08,39.3403604011,111600,0.0000,1.0
2007-07-16,42.99,44.0764,42.4,42.94,38.3229372873,66900,0.0000,1.0
2007-07-13,43.09,44.14,42.99,43.89,39.1707898821,52700,0.0000,1.0
2007-07-12,42.99,43.78,41.64,43.29,38.6353040327,160000,0.0000,1.0
2007-07-11,44.04,44.04,42.24,42.5,37.9302476644,233300,0.0000,1.0
2007-07-10,45.45,45.67,43.36,43.97,39.2421879954,628100,0.0000,1.0
2007-07-09,46.44,46.75,45.02,46.41,41.4198304495,123100,0.0000,1.0
2007-07-06,46.49,46.55,45.7,46.0,41.0539151191,67900,0.0000,1.0
2007-07-05,46.54,47.02,46.13,46.61,41.5983257326,59000,0.0000,1.0
2007-07-03,46.88,47.52,46.56,46.59,41.5804762043,83600,0.0000,1.0
2007-07-02,46.52,47.0,45.55,46.64,41.6251000251,173400,0.0000,1.0
2007-06-29,45.85,47.33,45.55,46.03,41.0806894116,182500,0.0000,1.0
2007-06-28,43.26,46.03,42.96,45.78,40.8575703076,111100,0.0000,1.0
2007-06-27,42.58,43.95,42.5501,43.34,38.6799278535,85200,0.0000,1.0
2007-06-26,42.53,43.6,42.4,43.0,38.3764858722,60900,0.0000,1.0
2007-06-25,41.77,42.42,41.0,42.39,37.8320752587,116400,0.0000,1.0
2007-06-22,43.55,43.55,40.86,42.14,37.6089561547,698100,0.0000,1.0
2007-06-21,42.76,44.36,42.31,43.06,38.4300344571,72900,0.0000,1.0
2007-06-20,44.3,45.21,42.6,42.8,38.1979905891,128600,0.0000,1.0
2007-06-19,42.56,44.51,42.52,44.06,39.3225108728,109200,0.0000,1.0
2007-06-18,42.42,43.08,42.04,42.77,38.1712162966,75100,0.0000,1.0
2007-06-15,43.92,44.5,42.07,42.94,38.3229372873,103600,0.0000,1.0
2007-06-14,43.08,43.61,42.7,43.42,38.7513259668,71500,0.0000,1.0
2007-06-13,43.03,43.45,42.4,43.37,38.706702146,61000,0.0000,1.0
2007-06-12,42.69,43.92,42.13,42.96,38.3407868156,79000,0.0000,1.0
2007-06-11,43.96,43.96,43.2,43.33,38.6710030893,83800,0.0000,1.0
2007-06-08,42.17,44.145,41.76,43.96,39.2332632312,115900,0.0000,1.0
2007-06-07,43.87,43.87,41.97,42.35,37.796376202,84500,0.0000,1.0
2007-06-06,42.7,43.84,41.66,43.77,39.0636927122,75100,0.0000,1.0
2007-06-05,43.52,44.0,43.0,43.27,38.6174545044,68900,0.0000,1.0
2007-06-04,44.0,44.05,42.25,43.95,39.224338467,90400,0.0000,1.0
2007-06-01,44.0,44.0,42.73,43.87,39.1529403538,82500,0.0000,1.0
2007-05-31,42.08,44.02,42.08,43.76,39.0547679481,215500,0.0000,1.0
2007-05-30,41.72,42.85,41.49,41.98,37.4661599282,70300,0.0000,1.0
2007-05-29,42.0,44.209,41.98,42.83,38.2247648815,201900,0.0000,1.0
2007-05-25,40.48,42.09,39.09,41.64,37.1627179469,102300,0.0000,1.0
2007-05-24,40.41,41.49,40.33,40.89,36.4933606352,92300,0.0000,1.0
2007-05-23,40.61,42.44,40.22,40.65,36.2791662955,121500,0.0000,1.0
2007-05-22,40.01,43.0,40.01,42.22,37.680354268,150200,0.0000,1.0
2007-05-21,38.85,41.49,38.47,40.26,35.9311004934,222500,0.0000,1.0
2007-05-18,36.99,38.8,36.48,38.74,34.5745363416,230200,0.0000,1.0
2007-05-17,36.05,36.9,36.01,36.89,32.9234549727,383100,0.0000,1.0
2007-05-16,36.15,36.44,36.03,36.13,32.2451728968,138800,0.0000,1.0
2007-05-15,36.14,36.37,36.0,36.18,32.2897967176,144400,0.0000,1.0
2007-05-14,36.11,36.26,35.8,36.03,32.1559252552,282400,0.0000,1.0
2007-05-11,36.12,37.31,35.59,36.04,32.1648500194,995800,0.0000,1.0
2007-05-10,37.5,38.32,36.58,36.61,32.6735615763,67900,0.0000,1.0
2007-05-09,38.3,39.55,38.1885,39.04,34.8422792663,32500,0.0000,1.0
2007-05-08,38.79,38.79,37.86,38.4,34.2710943603,46500,0.0000,1.0
2007-05-07,36.75,38.78,36.75,38.65,34.4942134642,120300,0.0000,1.0
2007-05-04,35.39,36.99,35.03,36.2,32.3076462459,37400,0.0000,1.0
2007-05-03,35.52,35.74,34.68,35.03,31.2634488396,102500,0.0000,1.0
2007-05-02,35.35,35.42,34.8,35.23,31.4419441227,86400,0.0000,1.0
2007-05-01,34.43,35.44,34.43,35.37,31.5668908209,54000,0.0000,1.0
2007-04-30,35.26,35.97,34.5,34.95,31.1920507263,22500,0.0000,1.0
2007-04-27,35.48,35.96,34.22,35.09,31.3169974245,17800,0.0000,1.0
2007-04-26,34.11,35.93,34.11,35.44,31.62936417,17300,0.0000,1.0
2007-04-25,34.08,34.5,33.89,34.15,30.4780695938,8800,0.0000,1.0
2007-04-24,33.95,34.43,33.66,34.0,30.3441981315,11200,0.0000,1.0
2007-04-23,33.435,34.08,33.03,33.95,30.2995743107,25200,0.0000,1.0
2007-04-20,33.17,33.5,33.17,33.35,29.7640884613,14100,0.0000,1.0
2007-04-19,32.65,32.99,32.46,32.83,29.3000007252,3100,0.0000,1.0
2007-04-18,32.9,33.27,32.27,33.0,29.4517217159,135400,0.0000,1.0
2007-04-17,32.97,33.49,31.43,33.09,29.5320445933,43800,0.0000,1.0
2007-04-16,31.7,33.07,31.7,33.0,29.4517217159,26400,0.0000,1.0
2007-04-13,31.85,32.25,31.63,31.92,28.487847187,41500,0.0000,1.0
2007-04-12,32.87,33.04,31.42,31.63,28.2290290264,46900,0.0000,1.0
2007-04-11,35.04,35.04,32.19,32.99,29.4427969517,141600,0.0000,1.0
2007-04-10,34.9,35.04,34.74,34.89,31.1385021414,6500,0.0000,1.0
2007-04-09,35.0,35.16,34.75,34.96,31.2009754905,55400,0.0000,1.0
2007-04-05,34.84,34.97,34.72,34.96,31.2009754905,11400,0.0000,1.0
2007-04-04,34.36,35.15,33.53,34.99,31.227749783,15400,0.0000,1.0
2007-04-03,34.37,34.87,33.95,34.36,30.6654896411,30900,0.0000,1.0
2007-04-02,33.54,35.1,33.11,34.37,30.6744144053,41300,0.0000,1.0
2007-03-30,33.56,33.56,32.78,33.54,29.9336589803,66300,0.0000,1.0
2007-03-29,34.98,34.98,32.77,33.4,29.8087122821,31600,0.0000,1.0
2007-03-28,34.76,35.29,34.76,35.0,31.2366745471,32700,0.0000,1.0
2007-03-27,35.33,35.34,34.5458,35.0,31.2366745471,34900,0.0000,1.0
2007-03-26,34.27,35.49,34.27,35.26,31.4687184152,23300,0.0000,1.0
2007-03-23,33.96,35.02,33.96,34.42,30.7190382261,12100,0.0000,1.0
2007-03-22,35.0,35.0,33.77,33.81,30.1746276125,56200,0.0000,1.0
2007-03-21,34.96,35.47,34.512,35.08,31.3080726604,25900,0.0000,1.0
2007-03-20,33.26,35.26,32.62,34.79,31.0492544998,27800,0.0000,1.0
2007-03-19,32.28,33.37,31.86,33.22,29.6480665273,36700,0.0000,1.0
2007-03-16,32.28,32.65,32.15,32.2,28.7377405834,89700,0.0000,1.0
2007-03-15,32.53,33.15,32.04,32.25,28.7823644041,26400,0.0000,1.0
2007-03-14,32.56,33.024,31.69,32.48,28.9876339797,89700,0.0000,1.0
2007-03-13,32.251,32.42,32.1,32.22,28.7555901117,35400,0.0000,1.0
2007-03-12,33.22,34.07,32.37,32.65,29.1393549704,25000,0.0000,1.0
2007-03-09,33.86,33.86,32.5,32.58,29.0768816213,26900,0.0000,1.0
2007-03-08,32.11,33.62,32.11,33.55,29.9425837445,58100,0.0000,1.0
2007-03-07,32.01,32.24,31.74,32.24,28.77343964,17900,0.0000,1.0
2007-03-06,32.0,32.82,31.6,32.04,28.5949443569,69000,0.0000,1.0
2007-03-05,32.33,33.16,31.19,31.47,28.0862327999,12700,0.0000,1.0
2007-03-02,32.4,32.94,31.86,32.6,29.0947311496,43000,0.0000,1.0
2007-03-01,32.5,32.93,31.17,32.4,28.9162358665,28400,0.0000,1.0
2007-02-28,33.94,34.0,32.64,32.71,29.1929035553,39100,0.0000,1.0
2007-02-27,34.2,35.7,33.95,33.96,30.3084990749,97300,0.0000,1.0
2007-02-26,32.97,35.3,32.56,34.67,30.94215733,205600,0.0000,1.0
2007-02-23,30.34,33.83,30.335,33.27,29.6926903481,71500,0.0000,1.0
2007-02-22,30.08,30.3,29.85,30.12,26.8813896388,12600,0.0000,1.0
2007-02-21,30.03,30.29,29.94,30.0,26.774292469,23900,0.0000,1.0
2007-02-20,30.0,30.25,29.95,30.18,26.9349382238,41200,0.0000,1.0
2007-02-16,30.25,30.55,30.0,30.01,26.7832172331,76500,0.0000,1.0
2007-02-15,28.75,30.2,28.63,30.0,26.774292469,217700,0.0000,1.0
2007-02-14,29.52,29.76,27.13,28.0,24.9893396377,173400,0.0000,1.0
2007-02-13,30.0,30.0,28.8,29.55,26.3726780819,20400,0.0000,1.0
2007-02-12,28.97,30.61,28.97,29.8,26.5957971858,20900,0.0000,1.0
2007-02-09,28.74,29.16,28.64,28.98,25.863966525,15800,0.0000,1.0
2007-02-08,28.5802,29.29,28.5802,28.77,25.6765464777,28500,0.0000,1.0
2007-02-07,28.7,28.7,28.33,28.63,25.5515997796,12400,0.0000,1.0
2007-02-06,28.8,29.08,28.67,28.94,25.8282674684,3500,0.0000,1.0
2007-02-05,28.86,29.0,28.5,28.8,25.7033207702,22900,0.0000,1.0
2007-02-02,29.81,29.81,28.65,29.0332,25.9114462703,21900,0.0000,1.0
2007-02-01,28.4,30.72,28.09,30.03,26.8010667614,73900,0.0000,1.0
2007-01-31,27.72,28.49,27.72,28.42,25.3641797323,2800,0.0000,1.0
2007-01-30,27.69,28.44,27.56,28.44,25.3820292606,3200,0.0000,1.0
2007-01-29,26.92,27.91,25.84,27.76,24.775145298,10100,0.0000,1.0
2007-01-26,26.98,27.51,25.37,26.92,24.0254651088,22900,0.0000,1.0
2007-01-25,28.35,28.73,27.0,27.15,24.2307346844,9300,0.0000,1.0
2007-01-24,27.8,28.38,27.61,28.37,25.3195559115,6500,0.0000,1.0
2007-01-23,28.89,28.89,27.54,27.66,24.6858976564,10200,0.0000,1.0
2007-01-22,29.08,29.13,28.55,28.75,25.6586969494,19900,0.0000,1.0
2007-01-19,28.25,29.5,28.21,29.08,25.9532141666,37900,0.0000,1.0
2007-01-18,27.59,28.7,27.59,28.25,25.2124587416,20400,0.0000,1.0
2007-01-17,26.34,28.58,26.18,27.68,24.7037471847,110000,0.0000,1.0
2007-01-16,25.8,26.79,25.5,26.29,23.463204967,227900,0.0000,1.0
2007-01-12,26.0,26.1,25.73,26.1,23.293634448,18500,0.0000,1.0
2007-01-11,25.0,26.01,24.99,26.01,23.2133115706,23400,0.0000,1.0
2007-01-10,24.8,25.43,24.8,25.02,22.3297599191,4900,0.0000,1.0
2007-01-09,25.005,25.05,24.65,24.84,22.1691141643,5400,0.0000,1.0
2007-01-08,25.14,25.15,24.46,25.0,22.3119103908,17400,0.0000,1.0
2007-01-05,24.96,25.27,24.78,25.0,22.3119103908,20700,0.0000,1.0
2007-01-04,25.23,25.85,24.79,25.19,22.4814809098,7800,0.0000,1.0
2007-01-03,25.04,25.84,24.54,25.44,22.7046000137,42000,0.0000,1.0
2006-12-29,24.465,24.6,24.05,24.25,21.6425530791,17700,0.0000,1.0
2006-12-28,23.94,24.75,23.94,24.47,21.8388978905,26000,0.0000,1.0
2006-12-27,24.32,24.87,24.32,24.8,22.1334151077,12800,0.0000,1.0
2006-12-26,24.89,25.05,24.7,24.79,22.1244903435,30100,0.0000,1.0
2006-12-22,24.57,24.75,24.3,24.74,22.0798665227,34400,0.0000,1.0
2006-12-21,24.75,24.86,23.99,24.6,21.9549198246,36100,0.0000,1.0
2006-12-20,24.94,24.94,24.0,24.43,21.8031988339,56100,0.0000,1.0
2006-12-19,24.73,25.35,24.39,24.5,21.865672183,235500,0.0000,1.0
2006-12-18,25.24,25.36,24.59,25.01,22.320835155,32400,0.0000,1.0
2006-12-15,25.12,25.23,23.63,24.82,22.151264636,250600,0.0000,1.0
2006-12-14,23.85,25.0,23.85,25.0,22.3119103908,38200,0.0000,1.0
2006-12-13,24.4,24.48,23.61,24.48,21.8478226547,37400,0.0000,1.0
2006-12-12,23.56,24.53,23.29,24.09,21.4997568526,23700,0.0000,1.0
2006-12-11,24.75,24.75,23.35,23.56,21.0267443523,102900,0.0000,1.0
2006-12-08,24.9275,24.9275,23.66,24.56,21.9192207679,110000,0.0000,1.0
2006-12-07,24.41,25.22,24.41,24.99,22.3029856267,18100,0.0000,1.0
2006-12-06,24.72,25.24,24.31,24.96,22.2762113342,76600,0.0000,1.0
2006-12-05,24.85,25.25,24.85,25.05,22.3565342116,64300,0.0000,1.0
2006-12-04,25.25,25.25,25.02,25.17,22.4636313815,17800,0.0000,1.0
2006-12-01,25.41,25.41,25.13,25.2,22.4904056739,110500,0.0000,1.0
2006-11-30,25.3,25.3,24.88,25.25,22.5350294947,75000,0.0000,1.0
2006-11-29,25.21,25.3,24.85,25.15,22.4457818532,75200,0.0000,1.0
2006-11-28,25.26,25.36,24.85,25.3,22.5796533155,126900,0.0000,1.0
2006-11-27,25.31,25.55,25.26,25.3725,22.6443578556,108900,0.0000,1.0
2006-11-24,25.7875,25.8,25.707,25.7999,23.0258022757,1200,0.0000,1.0
2006-11-22,25.1,26.418,25.1,25.97,23.177612514,8600,0.0000,1.0
2006-11-21,25.17,25.17,25.0,25.13,22.4279323248,164900,0.0000,1.0
2006-11-20,25.75,25.75,24.79,25.21,22.4993304381,159300,0.0000,1.0
2006-11-17,25.06,25.97,25.06,25.25,22.5350294947,120700,0.0000,1.0
2006-11-16,25.43,25.71,24.86,25.25,22.5350294947,115300,0.0000,1.0
2006-11-15,26.44,26.44,25.32,25.69,22.9277191176,96400,0.0000,1.0
2006-11-14,26.5,26.68,25.26,26.3,23.4721297311,129200,0.0000,1.0
2006-11-13,25.1,26.2,24.88,26.2,23.3828820896,348100,0.0000,1.0
2006-11-10,25.0,26.2,24.0,25.11,22.4100827965,3895000,0.0000,1.0
