timestamp,open,high,low,close,adjusted_close,volume,dividend_amount,split_coefficient
2020-08-17,28.99,28.99,28.99,28.99,28.99,0,0.0000,1.0
2020-08-14,28.98,29.0,28.98,28.99,28.99,1561079,0.0000,1.0
2020-08-13,28.99,29.0,28.98,28.99,28.99,2021823,0.0000,1.0
2020-08-12,29.0,29.01,28.99,29.0,29.0,2933719,0.0000,1.0
2020-08-11,28.99,29.0,28.97,28.99,28.99,1581977,0.0000,1.0
2020-08-10,28.97,29.0,28.97,28.98,28.98,972069,0.0000,1.0
2020-08-07,28.97,28.98,28.97,28.975,28.975,352368,0.0000,1.0
2020-08-06,28.97,28.98,28.97,28.98,28.98,573189,0.0000,1.0
2020-08-05,28.97,28.98,28.97,28.98,28.98,1008285,0.0000,1.0
2020-08-04,28.97,28.99,28.96,28.98,28.98,459189,0.0000,1.0
2020-08-03,28.97,28.985,28.97,28.97,28.97,849806,0.0000,1.0
2020-07-31,28.96,28.99,28.95,28.99,28.99,1569514,0.0000,1.0
2020-07-30,28.95,28.96,28.94,28.95,28.95,660770,0.0000,1.0
2020-07-29,28.94,28.97,28.94,28.95,28.95,899530,0.0000,1.0
2020-07-28,28.98,28.98,28.94,28.94,28.94,1822614,0.0000,1.0
2020-07-27,28.94,28.95,28.94,28.95,28.95,1312965,0.0000,1.0
2020-07-24,28.94,28.95,28.94,28.94,28.94,793878,0.0000,1.0
2020-07-23,28.92,28.96,28.92,28.95,28.95,891276,0.0000,1.0
2020-07-22,28.93,28.95,28.92,28.92,28.92,2167744,0.0000,1.0
2020-07-21,28.92,28.95,28.92,28.92,28.92,3230349,0.0000,1.0
2020-07-20,28.91,28.93,28.91,28.92,28.92,875337,0.0000,1.0
2020-07-17,28.9,28.92,28.9,28.9,28.9,1275200,0.0000,1.0
2020-07-16,28.89,28.9,28.88,28.9,28.9,2651200,0.0000,1.0
2020-07-15,28.84,28.96,28.76,28.88,28.88,15462400,0.0000,1.0
2020-07-14,24.95,25.15,24.6,25.03,25.03,827100,0.0000,1.0
2020-07-13,24.89,25.01,24.69,24.89,24.89,1340600,0.0000,1.0
2020-07-10,25.01,25.04,24.08,24.79,24.79,1700700,0.0000,1.0
2020-07-09,23.76,25.1,23.44,24.85,24.85,2876300,0.0000,1.0
2020-07-08,25.0,25.1,24.06,24.49,24.49,2003700,0.0000,1.0
2020-07-07,23.68,23.94,23.19,23.52,23.52,834100,0.0000,1.0
2020-07-06,21.81,24.06,21.61,23.9,23.9,2203400,0.0000,1.0
2020-07-02,21.33,21.94,21.17,21.57,21.57,1085400,0.0000,1.0
2020-07-01,21.16,21.82,21.07,21.13,21.13,576000,0.0000,1.0
2020-06-30,21.68,22.36,21.02,21.2,21.2,1433100,0.0000,1.0
2020-06-29,21.86,21.86,21.35,21.75,21.75,762400,0.0000,1.0
2020-06-26,21.46,21.9,21.39,21.84,21.84,1203794,0.0000,1.0
2020-06-25,21.74,21.8,21.23,21.5,21.5,815040,0.0000,1.0
2020-06-24,21.86,21.93,21.4,21.81,21.81,594100,0.0000,1.0
2020-06-23,22.04,22.29,21.91,21.99,21.99,645289,0.0000,1.0
2020-06-22,21.8,22.04,21.76,22.03,22.03,744695,0.0000,1.0
2020-06-19,22.12,22.39,21.69,21.695,21.695,1585865,0.0000,1.0
2020-06-18,22.11,22.4,21.65,21.94,21.94,1107720,0.0000,1.0
2020-06-17,22.27,22.51,21.995,22.26,22.26,587830,0.0000,1.0
2020-06-16,22.5,22.592,21.87,22.14,22.14,1513263,0.0000,1.0
2020-06-15,22.2,22.47,21.79,22.24,22.24,765060,0.0000,1.0
2020-06-12,22.51,23.0506,21.93,22.46,22.46,2698869,0.0000,1.0
2020-06-11,22.21,22.835,22.175,22.25,22.25,995877,0.0000,1.0
2020-06-10,22.94,23.22,22.46,22.72,22.72,767993,0.0000,1.0
2020-06-09,22.72,23.03,22.33,22.86,22.86,1383172,0.0000,1.0
2020-06-08,23.1,23.4,22.59,22.85,22.85,1136916,0.0000,1.0
2020-06-05,24.34,25.02,21.52,23.1,23.1,6112243,0.0000,1.0
2020-06-04,24.25,24.74,24.06,24.27,24.27,854594,0.0000,1.0
2020-06-03,23.59,24.44,23.53,24.37,24.37,1390627,0.0000,1.0
2020-06-02,23.72,24.1499,23.5,23.68,23.68,814815,0.0000,1.0
2020-06-01,23.6,23.88,23.04,23.63,23.63,1711150,0.0000,1.0
2020-05-29,24.13,24.6,23.535,23.59,23.59,2470076,0.0000,1.0
2020-05-28,24.86,24.99,24.385,24.5,24.5,1779993,0.0000,1.0
2020-05-27,24.35,24.74,23.96,24.74,24.74,2672142,0.0000,1.0
2020-05-26,23.17,24.55,22.98,24.5,24.5,5720846,0.0000,1.0
2020-05-22,20.34,23.97,19.72,23.4,23.4,15215200,0.0000,1.0
2020-05-21,19.54,20.5,19.54,20.31,20.31,3222680,0.0000,1.0
2020-05-20,18.33,19.8957,18.1,19.84,19.84,16394427,0.0000,1.0
2020-05-19,22.7,22.83,20.92,20.93,20.93,7349102,0.0000,1.0
2020-05-18,23.8,24.7,22.01,22.57,22.57,17236455,0.0000,1.0
2020-05-15,29.9,31.15,29.08,29.52,29.52,3220274,0.0000,1.0
2020-05-14,30.05,30.85,28.92,29.89,29.89,3281201,0.0000,1.0
2020-05-13,30.5,31.0,29.96,30.16,30.16,3292136,0.0000,1.0
2020-05-12,31.1,31.45,29.85,30.5,30.5,6798312,0.0000,1.0
2020-05-11,32.15,32.25,32.07,32.09,32.09,2138555,0.0000,1.0
2020-05-08,32.2,32.25,32.14,32.22,32.22,1583398,0.0000,1.0
2020-05-07,32.2,32.26,32.09,32.2,32.2,947040,0.0000,1.0
2020-05-06,31.9,32.43,31.65,32.1,32.1,1879995,0.0000,1.0
2020-05-05,31.98,32.0,31.73,31.92,31.92,1635476,0.0000,1.0
2020-05-04,31.71,32.02,31.6,31.77,31.77,2425408,0.0000,1.0
2020-05-01,31.51,32.2,31.43,31.92,31.92,3653102,0.0000,1.0
2020-04-30,32.05,32.28,31.27,31.76,31.76,7479227,0.0000,1.0
2020-04-29,32.09,32.3,31.99,32.11,32.11,3035157,0.0000,1.0
2020-04-28,32.1,32.12,31.92,31.97,31.97,1705734,0.0000,1.0
2020-04-27,32.06,32.2,31.91,31.95,31.95,2028542,0.0000,1.0
2020-04-24,32.23,32.285,31.655,31.91,31.91,4696367,0.0000,1.0
2020-04-23,32.52,32.68,31.61,32.15,32.15,7579191,0.0000,1.0
2020-04-22,32.49,32.65,32.41,32.51,32.51,2401959,0.0000,1.0
2020-04-21,32.42,32.47,32.13,32.35,32.35,3630217,0.0000,1.0
2020-04-20,32.35,32.6,32.31,32.48,32.48,2154036,0.0000,1.0
2020-04-17,32.33,32.55,32.25,32.54,32.54,3501498,0.0000,1.0
2020-04-16,32.0,32.295,31.98,32.25,32.25,2076406,0.0000,1.0
2020-04-15,31.78,32.3,31.76,32.07,32.07,2596899,0.0000,1.0
2020-04-14,31.91,32.09,31.7,32.04,32.04,1487942,0.0000,1.0
2020-04-13,31.93,32.04,31.63,31.75,31.75,1422149,0.0000,1.0
2020-04-09,32.1,32.15,31.51,31.93,31.93,2880092,0.0000,1.0
2020-04-08,32.0,32.11,31.91,31.99,31.99,1261954,0.0000,1.0
2020-04-07,32.04,32.17,31.87,31.98,31.98,1442720,0.0000,1.0
2020-04-06,31.86,32.13,31.5,31.79,31.79,1785662,0.0000,1.0
2020-04-03,31.01,31.64,30.8,31.55,31.55,1845070,0.0000,1.0
2020-04-02,30.37,31.23,30.37,31.2,31.2,906872,0.0000,1.0
2020-04-01,31.11,31.11,29.84,30.62,30.62,1650791,0.0000,1.0
2020-03-31,31.1,31.915,30.84,31.59,31.59,2341179,0.0000,1.0
2020-03-30,31.07,31.42,30.9,31.25,31.25,1498393,0.0000,1.0
2020-03-27,30.79,31.54,29.92,31.22,31.22,947657,0.0000,1.0
2020-03-26,31.16,31.82,30.79,31.21,31.21,1875395,0.0000,1.0
2020-03-25,30.25,31.16,29.5,30.81,30.81,3419897,0.0000,1.0
2020-03-24,29.29,30.57,28.4,29.95,29.95,2530447,0.0000,1.0
2020-03-23,27.86,28.99,27.12,28.5,28.5,1530326,0.0000,1.0
2020-03-20,27.93,28.89,26.17,28.07,28.07,2789876,0.0000,1.0
2020-03-19,23.31,28.4394,22.1457,27.54,27.54,2487395,0.0000,1.0
2020-03-18,25.49,26.49,20.66,23.29,23.29,2557442,0.0000,1.0
2020-03-17,26.3,26.84,22.875,25.54,25.54,2505495,0.0000,1.0
2020-03-16,29.95,29.95,25.08,25.96,25.96,2993047,0.0000,1.0
2020-03-13,30.24,31.23,29.69,31.14,31.14,2803043,0.0000,1.0
2020-03-12,30.85,31.19,28.875,29.64,29.64,2397415,0.0000,1.0
2020-03-11,31.65,31.8,31.29,31.35,31.35,3092303,0.0000,1.0
2020-03-10,30.72,31.91,30.36,31.88,31.88,2813676,0.0000,1.0
2020-03-09,31.72,31.72,30.44,30.51,30.51,2327235,0.0000,1.0
2020-03-06,32.4,32.51,31.65,32.0,32.0,2368026,0.0000,1.0
2020-03-05,32.6,32.63,32.4,32.46,32.46,2684003,0.0000,1.0
2020-03-04,32.62,32.76,32.5,32.64,32.64,1941625,0.0000,1.0
2020-03-03,32.61,32.7,32.465,32.48,32.48,1909606,0.0000,1.0
2020-03-02,32.48,32.66,32.35,32.66,32.66,2918884,0.0000,1.0
2020-02-28,32.33,32.58,32.05,32.54,32.54,3247896,0.0000,1.0
2020-02-27,32.76,32.865,32.48,32.49,32.49,3598904,0.0000,1.0
2020-02-26,32.88,32.91,32.78,32.79,32.79,1468714,0.0000,1.0
2020-02-25,32.9,32.94,32.78,32.88,32.88,2405205,0.0000,1.0
2020-02-24,32.9,33.01,32.85,32.91,32.91,1674867,0.0000,1.0
2020-02-21,33.02,33.05,32.95,32.97,32.97,1383702,0.0000,1.0
2020-02-20,33.01,33.08,33.0,33.04,33.04,861876,0.0000,1.0
2020-02-19,33.0,33.09,32.99,33.045,33.045,1036936,0.0000,1.0
2020-02-18,32.99,33.03,32.95,33.015,33.015,2196303,0.0000,1.0
2020-02-14,33.05,33.16,32.98,32.98,32.98,819703,0.0000,1.0
2020-02-13,33.01,33.15,32.98,33.13,33.13,1344660,0.0000,1.0
2020-02-12,33.02,33.075,32.98,33.0,33.0,1765174,0.0000,1.0
2020-02-11,33.24,33.28,32.95,32.98,32.98,4187043,0.0000,1.0
2020-02-10,33.18,33.2,33.0,33.11,33.11,1987896,0.0000,1.0
2020-02-07,33.17,33.35,33.15,33.2,33.2,3367243,0.0000,1.0
2020-02-06,33.45,33.6,33.17,33.28,33.28,21184441,0.0000,1.0
2020-02-05,28.4,28.535,27.59,27.98,27.98,571732,0.0000,1.0
2020-02-04,28.88,29.32,28.17,28.2,28.2,531332,0.0000,1.0
2020-02-03,28.53,29.1,27.97,28.5,28.5,919553,0.0000,1.0
2020-01-31,29.69,29.7,28.28,28.51,28.51,776199,0.0000,1.0
2020-01-30,29.35,29.86,29.02,29.67,29.67,559976,0.0000,1.0
2020-01-29,30.01,30.285,29.57,29.74,29.74,478861,0.0000,1.0
2020-01-28,28.92,30.175,28.71,29.9,29.9,1294742,0.0000,1.0
2020-01-27,29.11,29.65,28.71,28.72,28.72,800575,0.0000,1.0
2020-01-24,31.45,31.64,29.99,29.99,29.99,951599,0.0000,1.0
2020-01-23,31.63,32.555,31.12,31.31,31.31,1109071,0.0000,1.0
2020-01-22,32.12,32.5469,31.62,31.79,31.79,991702,0.0000,1.0
2020-01-21,33.58,34.1,31.78,31.975,31.975,944322,0.0000,1.0
2020-01-17,33.72,34.15,33.1,33.745,33.745,1159932,0.0000,1.0
2020-01-16,34.12,34.2,33.35,33.54,33.54,678065,0.0000,1.0
2020-01-15,32.85,34.7,32.82,33.64,33.64,1043968,0.0000,1.0
2020-01-14,33.41,33.715,32.78,32.91,32.91,744566,0.0000,1.0
2020-01-13,32.67,33.75,32.3,33.17,33.17,1733609,0.0000,1.0
2020-01-10,32.83,33.03,32.24,32.555,32.555,651332,0.0000,1.0
2020-01-09,32.23,32.78,32.14,32.715,32.715,1488239,0.0000,1.0
2020-01-08,31.17,32.09,31.13,31.79,31.79,748271,0.0000,1.0
2020-01-07,32.91,33.18,31.93,32.05,32.05,426728,0.0000,1.0
2020-01-06,32.24,33.6,30.0,32.855,32.855,884771,0.0000,1.0
2020-01-03,32.37,33.025,32.19,32.48,32.48,384296,0.0000,1.0
2020-01-02,33.08,33.43,32.65,33.02,33.02,349382,0.0000,1.0
2019-12-31,32.45,33.11,32.45,32.8,32.8,387426,0.0000,1.0
2019-12-30,32.79,32.86,32.155,32.69,32.69,380433,0.0000,1.0
2019-12-27,32.87,33.29,32.55,32.94,32.94,251501,0.0000,1.0
2019-12-26,33.24,33.44,32.61,32.73,32.73,335832,0.0000,1.0
2019-12-24,32.69,33.21,32.675,33.08,33.08,271449,0.0000,1.0
2019-12-23,33.79,33.97,32.53,32.6,32.6,380257,0.0000,1.0
2019-12-20,33.75,34.17,33.51,33.62,33.62,1428574,0.0000,1.0
2019-12-19,33.96,34.16,33.06,33.55,33.55,371976,0.0000,1.0
2019-12-18,34.28,34.8,33.77,33.82,33.82,287486,0.0000,1.0
2019-12-17,34.98,35.0,34.175,34.405,34.405,279886,0.0000,1.0
2019-12-16,34.57,35.47,34.52,34.99,34.99,536519,0.0000,1.0
2019-12-13,34.0,35.35,33.96,34.55,34.55,414214,0.0000,1.0
2019-12-12,33.54,34.37,33.33,34.19,34.19,334484,0.0000,1.0
2019-12-11,33.58,33.665,32.8101,33.53,33.53,742371,0.0000,1.0
2019-12-10,33.44,34.0,33.23,33.6,33.6,437003,0.0000,1.0
2019-12-09,33.69,33.96,32.8975,33.17,33.17,551749,0.0000,1.0
2019-12-06,34.42,34.71,33.17,33.6,33.6,423320,0.0000,1.0
2019-12-05,34.58,34.74,34.16,34.24,34.24,267585,0.0000,1.0
2019-12-04,35.48,35.965,34.16,34.54,34.54,503776,0.0000,1.0
2019-12-03,34.44,35.5,34.0,35.43,35.43,442428,0.0000,1.0
2019-12-02,36.01,36.15,34.65,35.0,35.0,327741,0.0000,1.0
2019-11-29,36.15,36.15,35.53,35.83,35.83,166496,0.0000,1.0
2019-11-27,35.44,36.305,35.09,36.17,36.17,378344,0.0000,1.0
2019-11-26,35.62,35.94,34.77,35.22,35.22,540581,0.0000,1.0
2019-11-25,34.81,35.74,34.67,35.68,35.68,542860,0.0000,1.0
2019-11-22,34.96,35.25,34.43,34.63,34.63,564001,0.0000,1.0
2019-11-21,35.18,35.44,34.61,35.03,35.03,351730,0.0000,1.0
2019-11-20,35.04,35.93,34.75,35.47,35.47,506490,0.0000,1.0
2019-11-19,34.18,35.9,33.72,35.27,35.27,994393,0.0000,1.0
2019-11-18,33.75,34.07,33.03,33.88,33.88,742316,0.0000,1.0
2019-11-15,33.85,34.3,32.9,34.18,34.18,598006,0.0000,1.0
2019-11-14,33.73,33.89,33.17,33.52,33.52,415295,0.0000,1.0
2019-11-13,33.39,33.94,33.14,33.58,33.58,440343,0.0000,1.0
2019-11-12,32.98,34.16,32.9,33.62,33.62,1064781,0.0000,1.0
2019-11-11,30.66,33.75,29.27,32.52,32.52,2927956,0.0000,1.0
2019-11-08,30.0,31.45,29.21,30.97,30.97,508637,0.0000,1.0
2019-11-07,27.0,30.13,26.83,29.91,29.91,1316532,0.0000,1.0
2019-11-06,30.0,30.39,29.32,29.44,29.44,582031,0.0000,1.0
2019-11-05,30.43,30.71,29.84,29.91,29.91,324007,0.0000,1.0
2019-11-04,30.99,31.47,30.32,30.33,30.33,519356,0.0000,1.0
2019-11-01,31.14,31.17,30.08,30.61,30.61,881717,0.0000,1.0
2019-10-31,31.7,31.72,30.67,30.76,30.76,634633,0.0000,1.0
2019-10-30,30.72,31.9,30.31,31.68,31.68,579551,0.0000,1.0
2019-10-29,30.46,30.94,30.29,30.47,30.47,439677,0.0000,1.0
2019-10-28,30.97,31.26,30.01,30.41,30.41,455330,0.0000,1.0
2019-10-25,30.11,30.745,28.834,30.59,30.59,560087,0.0000,1.0
2019-10-24,29.59,30.5968,29.56,30.29,30.29,657927,0.0000,1.0
2019-10-23,28.63,30.14,28.51,29.56,29.56,732226,0.0000,1.0
2019-10-22,28.71,29.59,28.45,28.76,28.76,864148,0.0000,1.0
2019-10-21,27.31,28.755,26.61,28.7,28.7,1906508,0.0000,1.0
2019-10-18,26.31,26.31,25.16,25.45,25.45,711041,0.0000,1.0
2019-10-17,26.19,26.52,25.98,26.19,26.19,509335,0.0000,1.0
2019-10-16,25.8,26.57,25.1347,26.17,26.17,939535,0.0000,1.0
2019-10-15,25.81,26.29,24.96,26.135,26.135,604422,0.0000,1.0
2019-10-14,25.4,26.54,25.21,25.57,25.57,955828,0.0000,1.0
2019-10-11,24.87,25.54,23.95,25.44,25.44,2552452,0.0000,1.0
2019-10-10,25.79,28.39,24.51,24.565,24.565,7283574,0.0000,1.0
2019-10-09,39.86,39.95,38.9817,39.2,39.2,243474,0.0000,1.0
2019-10-08,39.49,40.0,38.39,39.25,39.25,295454,0.0000,1.0
2019-10-07,39.18,40.06,39.18,39.82,39.82,494253,0.0000,1.0
2019-10-04,38.99,39.92,38.02,39.87,39.87,554545,0.0000,1.0
2019-10-03,37.8,38.88,37.0601,38.85,38.85,426509,0.0000,1.0
2019-10-02,36.82,37.97,36.35,37.91,37.91,374233,0.0000,1.0
2019-10-01,38.29,38.33,37.07,37.33,37.33,388176,0.0000,1.0
2019-09-30,36.35,38.11,36.15,37.92,37.92,613288,0.0000,1.0
2019-09-27,37.91,38.11,36.03,36.37,36.37,380299,0.0000,1.0
2019-09-26,37.23,37.56,36.48,37.49,37.49,240264,0.0000,1.0
2019-09-25,36.22,37.45,35.52,37.28,37.28,254376,0.0000,1.0
2019-09-24,37.54,37.9,35.41,36.17,36.17,611912,0.0000,1.0
2019-09-23,37.3,37.47,36.505,37.44,37.44,249708,0.0000,1.0
2019-09-20,36.82,37.77,36.803,37.3,37.3,676275,0.0000,1.0
2019-09-19,36.7,37.37,36.48,36.83,36.83,270487,0.0000,1.0
2019-09-18,36.82,37.0,35.62,36.62,36.62,308529,0.0000,1.0
2019-09-17,36.99,37.25,36.3607,36.69,36.69,332106,0.0000,1.0
2019-09-16,35.75,36.915,35.68,36.9,36.9,389136,0.0000,1.0
2019-09-13,35.75,36.55,35.29,36.48,36.48,520215,0.0000,1.0
2019-09-12,36.24,36.25,35.425,35.86,35.86,430153,0.0000,1.0
2019-09-11,35.32,36.18,34.82,35.84,35.84,424820,0.0000,1.0
2019-09-10,34.92,35.8,34.51,35.11,35.11,437503,0.0000,1.0
2019-09-09,36.94,36.96,34.75,35.23,35.23,593409,0.0000,1.0
2019-09-06,36.94,37.22,36.32,36.56,36.56,320783,0.0000,1.0
2019-09-05,36.36,36.86,35.23,36.64,36.64,398453,0.0000,1.0
2019-09-04,34.35,35.85,34.35,35.78,35.78,391367,0.0000,1.0
2019-09-03,35.39,35.93,34.65,34.94,34.94,357588,0.0000,1.0
2019-08-30,35.64,36.25,35.2905,35.83,35.83,578778,0.0000,1.0
2019-08-29,34.13,35.55,33.99,35.51,35.51,510510,0.0000,1.0
2019-08-28,33.79,33.99,33.17,33.84,33.84,269561,0.0000,1.0
2019-08-27,35.57,35.6,33.88,33.94,33.94,252686,0.0000,1.0
2019-08-26,35.97,36.01,34.86,35.17,35.17,226334,0.0000,1.0
2019-08-23,36.45,37.62,35.31,35.5,35.5,245204,0.0000,1.0
2019-08-22,36.25,36.81,35.58,36.59,36.59,306312,0.0000,1.0
2019-08-21,35.34,36.53,35.015,36.25,36.25,257525,0.0000,1.0
2019-08-20,35.73,35.73,34.46,34.79,34.79,322318,0.0000,1.0
2019-08-19,36.4,36.4,35.65,35.69,35.69,258615,0.0000,1.0
2019-08-16,36.62,36.99,35.93,36.21,36.21,423697,0.0000,1.0
2019-08-15,35.6,36.565,35.21,36.44,36.44,305059,0.0000,1.0
2019-08-14,36.5,36.5,35.34,35.78,35.78,276694,0.0000,1.0
2019-08-13,36.75,37.75,36.57,37.03,37.03,498563,0.0000,1.0
2019-08-12,36.23,37.14,35.59,36.85,36.85,389564,0.0000,1.0
2019-08-09,36.13,37.05,34.58,36.55,36.55,1293572,0.0000,1.0
2019-08-08,37.5,38.49,35.995,36.53,36.53,1534297,0.0000,1.0
2019-08-07,33.01,34.14,32.71,34.03,34.03,669880,0.0000,1.0
2019-08-06,33.95,34.26,33.24,33.55,33.55,661667,0.0000,1.0
2019-08-05,34.77,34.85,33.08,33.53,33.53,659926,0.0000,1.0
2019-08-02,36.72,36.72,35.28,35.86,35.86,420892,0.0000,1.0
2019-08-01,37.64,38.15,36.75,36.82,36.82,505585,0.0000,1.0
2019-07-31,38.71,38.71,36.9,37.36,37.36,418614,0.0000,1.0
2019-07-30,38.06,38.63,38.06,38.53,38.53,499090,0.0000,1.0
2019-07-29,38.92,39.12,37.31,38.35,38.35,395003,0.0000,1.0
2019-07-26,38.62,38.995,38.62,38.72,38.72,298206,0.0000,1.0
2019-07-25,39.45,39.64,38.19,38.27,38.27,837705,0.0000,1.0
2019-07-24,38.59,39.69,38.2001,39.68,39.68,263521,0.0000,1.0
2019-07-23,38.88,38.88,38.08,38.63,38.63,327071,0.0000,1.0
2019-07-22,38.52,39.08,38.36,38.55,38.55,427642,0.0000,1.0
2019-07-19,38.68,39.39,38.2878,38.44,38.44,457596,0.0000,1.0
2019-07-18,38.12,38.4,37.65,38.28,38.28,255172,0.0000,1.0
2019-07-17,37.89,38.42,37.63,38.07,38.07,300612,0.0000,1.0
2019-07-16,38.0,38.01,37.2025,38.0,38.0,387346,0.0000,1.0
2019-07-15,38.26,38.26,37.405,37.99,37.99,514557,0.0000,1.0
2019-07-12,38.56,38.56,37.9125,38.2,38.2,341674,0.0000,1.0
2019-07-11,37.85,38.47,37.62,38.21,38.21,508758,0.0000,1.0
2019-07-10,36.55,37.77,36.55,37.6,37.6,622737,0.0000,1.0
2019-07-09,35.59,36.52,35.505,36.5,36.5,484182,0.0000,1.0
2019-07-08,35.91,36.245,35.155,35.59,35.59,543989,0.0000,1.0
2019-07-05,36.12,36.13,34.97,35.87,35.87,289005,0.0000,1.0
2019-07-03,35.2,36.18,35.11,36.16,36.16,381256,0.0000,1.0
2019-07-02,34.41,35.17,34.1531,35.04,35.04,432092,0.0000,1.0
2019-07-01,34.03,34.82,33.3,34.41,34.41,505570,0.0000,1.0
2019-06-28,33.45,33.99,32.87,33.86,33.86,1900611,0.0000,1.0
2019-06-27,32.03,33.28,32.03,33.19,33.19,312105,0.0000,1.0
2019-06-26,33.09,33.58,31.64,31.76,31.76,356719,0.0000,1.0
2019-06-25,32.75,33.69,32.5,33.0,33.0,484053,0.0000,1.0
2019-06-24,34.53,34.6316,32.42,32.65,32.65,452295,0.0000,1.0
2019-06-21,34.11,34.5,33.54,34.36,34.36,1071021,0.0000,1.0
2019-06-20,34.8,34.9,34.125,34.26,34.26,354614,0.0000,1.0
2019-06-19,33.41,34.07,33.12,34.0,34.0,483053,0.0000,1.0
2019-06-18,33.15,33.66,32.71,33.3,33.3,332189,0.0000,1.0
2019-06-17,32.23,33.29,32.21,32.55,32.55,384913,0.0000,1.0
2019-06-14,32.64,32.94,32.18,32.31,32.31,253868,0.0000,1.0
2019-06-13,32.29,32.91,31.95,32.67,32.67,375889,0.0000,1.0
2019-06-12,31.75,32.54,31.75,32.25,32.25,460137,0.0000,1.0
2019-06-11,32.97,32.97,31.3,32.07,32.07,513045,0.0000,1.0
2019-06-10,32.36,33.34,32.2,32.41,32.41,507206,0.0000,1.0
2019-06-07,31.9,32.27,31.25,32.11,32.11,597602,0.0000,1.0
2019-06-06,31.41,31.67,30.63,31.56,31.56,278133,0.0000,1.0
2019-06-05,31.97,32.17,30.83,31.56,31.56,386244,0.0000,1.0
2019-06-04,30.78,31.6,29.87,31.56,31.56,526123,0.0000,1.0
2019-06-03,32.03,32.155,30.05,30.23,30.23,550277,0.0000,1.0
2019-05-31,31.98,32.4,31.62,32.12,32.12,229895,0.0000,1.0
2019-05-30,32.84,33.09,32.22,32.64,32.64,177234,0.0000,1.0
2019-05-29,32.96,32.96,32.29,32.53,32.53,456891,0.0000,1.0
2019-05-28,33.52,33.92,32.75,33.15,33.15,501450,0.0000,1.0
2019-05-24,32.15,33.31,32.15,33.14,33.14,450173,0.0000,1.0
2019-05-23,32.54,32.742,31.68,32.08,32.08,266144,0.0000,1.0
2019-05-22,33.53,34.1835,33.12,33.24,33.24,179395,0.0000,1.0
2019-05-21,33.78,34.6,33.59,33.69,33.69,282867,0.0000,1.0
2019-05-20,33.52,33.99,32.75,33.43,33.43,477934,0.0000,1.0
2019-05-17,35.32,35.72,33.9,34.02,34.02,422290,0.0000,1.0
2019-05-16,34.9,35.88,34.16,35.63,35.63,560652,0.0000,1.0
2019-05-15,34.98,36.0,34.72,34.8,34.8,607618,0.0000,1.0
2019-05-14,35.28,36.29,34.49,35.6,35.6,808861,0.0000,1.0
2019-05-13,35.04,37.16,34.59,35.04,35.04,1456921,0.0000,1.0
2019-05-10,37.56,38.2592,36.0,36.28,36.28,2906786,0.0000,1.0
2019-05-09,41.65,43.47,40.4289,43.3,43.3,934311,0.0000,1.0
2019-05-08,43.04,43.47,41.92,42.21,42.21,399802,0.0000,1.0
2019-05-07,42.58,43.28,42.32,43.14,43.14,485603,0.0000,1.0
2019-05-06,41.95,43.695,41.95,43.22,43.22,682388,0.0000,1.0
2019-05-03,42.2,43.57,41.79,43.3,43.3,1442512,0.0000,1.0
2019-05-02,42.05,42.05,40.75,41.82,41.82,395850,0.0000,1.0
2019-05-01,42.05,42.14,41.16,41.2,41.2,592297,0.0000,1.0
2019-04-30,41.84,42.5755,41.19,42.04,42.04,523522,0.0000,1.0
2019-04-29,41.29,42.07,41.29,41.79,41.79,358616,0.0000,1.0
2019-04-26,40.56,42.04,40.1,41.23,41.23,637951,0.0000,1.0
2019-04-25,40.14,40.93,39.7,40.67,40.67,370589,0.0000,1.0
2019-04-24,39.75,40.43,39.34,40.04,40.04,288094,0.0000,1.0
2019-04-23,38.96,40.04,38.56,39.63,39.63,390538,0.0000,1.0
2019-04-22,37.81,38.98,37.7,38.7,38.7,555481,0.0000,1.0
2019-04-18,37.79,38.35,36.77,38.13,38.13,922254,0.0000,1.0
2019-04-17,40.03,40.43,37.88,38.03,38.03,745385,0.0000,1.0
2019-04-16,40.08,40.57,38.89,39.64,39.64,1233353,0.0000,1.0
2019-04-15,40.9,41.27,39.23,39.74,39.74,597850,0.0000,1.0
2019-04-12,41.72,41.965,40.6,40.87,40.87,625300,0.0000,1.0
2019-04-11,41.56,41.85,40.68,41.46,41.46,596170,0.0000,1.0
2019-04-10,41.27,41.8823,41.09,41.44,41.44,430383,0.0000,1.0
2019-04-09,41.27,41.65,41.0,41.12,41.12,392360,0.0000,1.0
2019-04-08,41.64,41.66,40.7014,41.45,41.45,313681,0.0000,1.0
2019-04-05,40.43,42.105,40.36,41.66,41.66,1078490,0.0000,1.0
2019-04-04,43.42,43.5236,39.9,40.43,40.43,695597,0.0000,1.0
2019-04-03,43.26,44.06,43.24,43.53,43.53,397396,0.0000,1.0
2019-04-02,42.03,43.055,41.5377,42.9,42.9,791744,0.0000,1.0
2019-04-01,42.45,42.84,41.441,42.02,42.02,517907,0.0000,1.0
2019-03-29,42.02,42.5,41.63,41.91,41.91,395849,0.0000,1.0
2019-03-28,42.23,42.82,41.75,41.84,41.84,400098,0.0000,1.0
2019-03-27,44.52,44.69,41.38,42.22,42.22,449797,0.0000,1.0
2019-03-26,44.28,45.04,44.085,44.47,44.47,316076,0.0000,1.0
2019-03-25,43.65,44.2,42.8201,43.86,43.86,323341,0.0000,1.0
2019-03-22,46.02,46.04,43.68,43.73,43.73,345733,0.0000,1.0
2019-03-21,45.07,46.43,44.8,46.39,46.39,259199,0.0000,1.0
2019-03-20,44.63,45.77,44.07,45.23,45.23,547206,0.0000,1.0
2019-03-19,44.37,45.25,43.9163,44.61,44.61,486628,0.0000,1.0
2019-03-18,44.23,44.8,43.67,44.32,44.32,325693,0.0000,1.0
2019-03-15,44.17,44.88,43.715,44.22,44.22,1051081,0.0000,1.0
2019-03-14,43.55,44.6971,43.55,43.97,43.97,646010,0.0000,1.0
2019-03-13,43.03,44.54,42.83,44.09,44.09,910674,0.0000,1.0
2019-03-12,42.35,43.15,41.78,42.89,42.89,486417,0.0000,1.0
2019-03-11,42.95,43.5,42.151,42.61,42.61,620726,0.0000,1.0
2019-03-08,41.74,43.0,41.69,42.61,42.61,445514,0.0000,1.0
2019-03-07,41.75,42.5,40.88,42.33,42.33,691725,0.0000,1.0
2019-03-06,41.91,42.355,41.4325,41.94,41.94,619732,0.0000,1.0
2019-03-05,43.5,43.5,41.94,42.03,42.03,747614,0.0000,1.0
2019-03-04,43.24,43.99,41.695,42.95,42.95,889714,0.0000,1.0
2019-03-01,41.54,43.59,41.1514,43.26,43.26,1018931,0.0000,1.0
2019-02-28,41.11,41.5907,40.35,41.54,41.54,1363545,0.0000,1.0
2019-02-27,39.73,41.59,39.57,41.51,41.51,1115810,0.0000,1.0
2019-02-26,38.87,40.1,38.46,40.06,40.06,940351,0.0000,1.0
2019-02-25,39.15,39.375,38.36,38.87,38.87,693266,0.0000,1.0
2019-02-22,39.0,39.22,38.71,39.07,39.07,245459,0.0000,1.0
2019-02-21,38.78,39.1,38.38,38.78,38.78,403112,0.0000,1.0
2019-02-20,38.76,39.205,38.045,38.82,38.82,680961,0.0000,1.0
2019-02-19,38.0,38.93,37.4,38.9,38.9,1157504,0.0000,1.0
2019-02-15,38.4,38.73,37.74,38.05,38.05,843064,0.0000,1.0
2019-02-14,37.75,38.44,37.49,38.05,38.05,564399,0.0000,1.0
2019-02-13,37.94,38.57,36.7,38.02,38.02,705462,0.0000,1.0
2019-02-12,36.55,38.43,36.16,37.91,37.91,748863,0.0000,1.0
2019-02-11,36.11,37.98,36.11,36.5,36.5,1263629,0.0000,1.0
2019-02-08,33.79,36.56,33.28,36.44,36.44,2356189,0.0000,1.0
2019-02-07,31.34,31.575,30.37,30.92,30.92,647309,0.0000,1.0
2019-02-06,32.03,32.21,31.48,31.85,31.85,335331,0.0000,1.0
2019-02-05,32.03,32.52,31.81,32.2,32.2,258232,0.0000,1.0
2019-02-04,31.0,32.1,30.76,32.04,32.04,317249,0.0000,1.0
2019-02-01,30.12,31.47,30.12,30.86,30.86,246091,0.0000,1.0
2019-01-31,29.67,30.83,29.67,30.5,30.5,418847,0.0000,1.0
2019-01-30,29.58,29.87,29.01,29.86,29.86,198285,0.0000,1.0
2019-01-29,29.05,29.68,29.0,29.27,29.27,241502,0.0000,1.0
2019-01-28,29.55,29.81,28.68,29.07,29.07,154927,0.0000,1.0
2019-01-25,29.0,29.34,28.64,29.29,29.29,405695,0.0000,1.0
2019-01-24,27.95,29.05,27.95,28.68,28.68,364220,0.0000,1.0
2019-01-23,27.68,28.53,27.34,28.0,28.0,534200,0.0000,1.0
2019-01-22,27.42,27.73,26.8,27.26,27.26,302159,0.0000,1.0
2019-01-18,27.94,28.02,27.42,27.78,27.78,532585,0.0000,1.0
2019-01-17,26.63,28.48,26.42,27.89,27.89,477202,0.0000,1.0
2019-01-16,26.13,26.97,25.63,26.71,26.71,924905,0.0000,1.0
2019-01-15,25.59,26.3311,25.59,26.08,26.08,471301,0.0000,1.0
2019-01-14,26.17,26.55,25.54,25.74,25.74,270043,0.0000,1.0
2019-01-11,26.72,26.75,26.05,26.49,26.49,394644,0.0000,1.0
2019-01-10,26.34,27.32,26.1801,27.01,27.01,632544,0.0000,1.0
2019-01-09,27.28,27.5,26.52,26.61,26.61,494869,0.0000,1.0
2019-01-08,27.04,27.28,26.48,27.24,27.24,625783,0.0000,1.0
2019-01-07,25.86,27.37,25.78,26.73,26.73,471789,0.0000,1.0
2019-01-04,24.98,25.99,24.74,25.9,25.9,378434,0.0000,1.0
2019-01-03,25.01,25.16,24.24,24.46,24.46,244185,0.0000,1.0
2019-01-02,25.32,25.81,24.92,25.36,25.36,292028,0.0000,1.0
2018-12-31,26.6,27.17,25.72,25.99,25.99,364540,0.0000,1.0
2018-12-28,25.95,27.04,25.66,26.47,26.47,498150,0.0000,1.0
2018-12-27,24.75,25.85,24.57,25.84,25.84,301714,0.0000,1.0
2018-12-26,23.64,25.73,23.64,25.25,25.25,702160,0.0000,1.0
2018-12-24,22.19,23.86,22.01,23.54,23.54,272699,0.0000,1.0
2018-12-21,24.61,24.63,22.42,22.54,22.54,939461,0.0000,1.0
2018-12-20,24.58,25.51,24.1072,24.63,24.63,477605,0.0000,1.0
2018-12-19,24.58,25.72,24.45,24.93,24.93,442814,0.0000,1.0
2018-12-18,24.92,25.14,24.24,24.61,24.61,435535,0.0000,1.0
2018-12-17,26.0,26.08,24.54,24.68,24.68,426670,0.0000,1.0
2018-12-14,26.96,27.67,26.11,26.29,26.29,298091,0.0000,1.0
2018-12-13,28.0,28.35,27.11,27.5,27.5,631802,0.0000,1.0
2018-12-12,26.56,27.58,26.33,26.79,26.79,403667,0.0000,1.0
2018-12-11,27.24,27.24,25.815,26.17,26.17,276987,0.0000,1.0
2018-12-10,25.7,26.89,25.57,26.71,26.71,412692,0.0000,1.0
2018-12-07,26.65,27.16,25.41,25.8,25.8,244133,0.0000,1.0
2018-12-06,25.81,26.97,25.61,26.91,26.91,336203,0.0000,1.0
2018-12-04,27.41,27.81,26.24,26.57,26.57,714373,0.0000,1.0
2018-12-03,27.56,28.16,27.28,27.7,27.7,494288,0.0000,1.0
2018-11-30,26.28,27.36,25.9807,27.15,27.15,413333,0.0000,1.0
2018-11-29,25.85,26.9,25.66,26.41,26.41,338419,0.0000,1.0
2018-11-28,24.94,25.77,24.79,25.71,25.71,502322,0.0000,1.0
2018-11-27,25.27,25.57,24.68,24.92,24.92,334024,0.0000,1.0
2018-11-26,24.63,25.66,24.5144,25.56,25.56,419421,0.0000,1.0
2018-11-23,24.54,24.82,24.34,24.47,24.47,139314,0.0000,1.0
2018-11-21,24.03,25.43,24.03,24.65,24.65,780876,0.0000,1.0
2018-11-20,23.68,24.71,22.8,24.07,24.07,397369,0.0000,1.0
2018-11-19,25.85,26.07,23.88,24.4,24.4,501124,0.0000,1.0
2018-11-16,25.73,26.28,25.34,26.07,26.07,390249,0.0000,1.0
2018-11-15,25.58,26.29,25.03,26.18,26.18,366807,0.0000,1.0
2018-11-14,25.75,26.3,25.4,25.91,25.91,755098,0.0000,1.0
2018-11-13,26.73,26.93,24.94,25.4,25.4,816086,0.0000,1.0
2018-11-12,27.69,28.05,26.45,26.99,26.99,501133,0.0000,1.0
2018-11-09,31.52,31.7,27.5,27.59,27.59,1196335,0.0000,1.0
2018-11-08,28.12,28.58,27.71,28.11,28.11,439760,0.0000,1.0
2018-11-07,27.29,29.29,27.29,27.98,27.98,452618,0.0000,1.0
2018-11-06,26.9,27.66,26.64,27.19,27.19,225254,0.0000,1.0
2018-11-05,27.5,27.7936,26.28,26.87,26.87,256455,0.0000,1.0
2018-11-02,27.9,28.25,27.125,27.39,27.39,376152,0.0000,1.0
2018-11-01,27.68,28.25,27.35,27.73,27.73,376893,0.0000,1.0
2018-10-31,26.74,27.979,26.5601,27.54,27.54,350758,0.0000,1.0
2018-10-30,26.37,26.73,25.28,26.11,26.11,519410,0.0000,1.0
2018-10-29,28.53,28.53,26.01,26.44,26.44,407458,0.0000,1.0
2018-10-26,27.41,28.92,27.1572,27.96,27.96,509843,0.0000,1.0
2018-10-25,26.88,28.71,26.88,28.27,28.27,558759,0.0000,1.0
2018-10-24,28.5,29.03,26.5,26.61,26.61,421315,0.0000,1.0
2018-10-23,28.24,28.725,28.07,28.39,28.39,330983,0.0000,1.0
2018-10-22,29.02,29.16,28.315,28.92,28.92,309671,0.0000,1.0
2018-10-19,29.67,30.01,28.47,28.8,28.8,499715,0.0000,1.0
2018-10-18,31.23,31.23,29.45,29.69,29.69,349834,0.0000,1.0
2018-10-17,30.19,30.29,29.11,29.92,29.92,293794,0.0000,1.0
2018-10-16,29.3,30.37,28.91,30.22,30.22,428956,0.0000,1.0
2018-10-15,30.03,30.33,28.68,28.88,28.88,486114,0.0000,1.0
2018-10-12,31.33,31.33,29.57,30.33,30.33,318247,0.0000,1.0
2018-10-11,30.0,30.78,29.6,29.84,29.84,729815,0.0000,1.0
2018-10-10,33.18,33.18,30.11,30.19,30.19,725123,0.0000,1.0
2018-10-09,33.42,34.11,32.74,33.14,33.14,395182,0.0000,1.0
2018-10-08,34.27,34.89,32.62,33.52,33.52,422579,0.0000,1.0
2018-10-05,35.87,35.96,34.27,34.7,34.7,342061,0.0000,1.0
2018-10-04,37.21,37.7978,35.7,35.8,35.8,292584,0.0000,1.0
2018-10-03,36.31,37.3,36.13,37.19,37.19,435738,0.0000,1.0
2018-10-02,36.69,36.996,36.0501,36.3,36.3,327797,0.0000,1.0
2018-10-01,37.62,38.21,36.43,36.57,36.57,503044,0.0000,1.0
2018-09-28,38.79,38.995,37.485,37.76,37.76,544255,0.0000,1.0
2018-09-27,39.65,39.885,38.28,38.64,38.64,367054,0.0000,1.0
2018-09-26,40.4,40.85,39.15,39.24,39.24,257188,0.0000,1.0
2018-09-25,40.22,40.53,39.79,40.46,40.46,467714,0.0000,1.0
2018-09-24,39.56,40.36,39.02,39.97,39.97,458984,0.0000,1.0
2018-09-21,39.89,40.96,39.01,40.18,40.18,1990816,0.0000,1.0
2018-09-20,38.7,39.59,38.25,39.47,39.47,629367,0.0000,1.0
2018-09-19,39.04,39.25,37.58,38.11,38.11,361472,0.0000,1.0
2018-09-18,38.22,39.35,38.22,39.0,39.0,536414,0.0000,1.0
2018-09-17,37.99,39.0,37.685,38.05,38.05,780904,0.0000,1.0
2018-09-14,37.19,38.63,36.84,38.25,38.25,672917,0.0000,1.0
2018-09-13,37.45,39.36,37.01,37.23,37.23,799002,0.0000,1.0
2018-09-12,37.34,37.82,35.91,37.74,37.74,650159,0.0000,1.0
2018-09-11,36.5,37.5,35.91,37.27,37.27,649905,0.0000,1.0
2018-09-10,36.69,36.87,35.75,36.42,36.42,404864,0.0000,1.0
2018-09-07,35.91,36.535,35.6191,36.32,36.32,489206,0.0000,1.0
2018-09-06,35.03,35.99,34.63,35.91,35.91,358904,0.0000,1.0
2018-09-05,35.84,35.92,34.14,34.53,34.53,425794,0.0000,1.0
2018-09-04,35.81,36.125,35.5,35.97,35.97,461476,0.0000,1.0
2018-08-31,35.25,36.22,35.25,36.07,36.07,653220,0.0000,1.0
2018-08-30,35.99,36.0,35.27,35.49,35.49,245298,0.0000,1.0
2018-08-29,36.0,36.01,35.14,35.98,35.98,327259,0.0000,1.0
2018-08-28,35.5,36.0,34.93,35.79,35.79,214146,0.0000,1.0
2018-08-27,35.99,35.99,35.02,35.31,35.31,465517,0.0000,1.0
2018-08-24,34.63,35.61,34.54,35.38,35.38,362884,0.0000,1.0
2018-08-23,34.37,35.15,33.78,34.7,34.7,266205,0.0000,1.0
2018-08-22,33.56,34.77,33.56,34.57,34.57,265009,0.0000,1.0
2018-08-21,32.83,33.76,32.6036,33.63,33.63,456501,0.0000,1.0
2018-08-20,32.72,32.91,32.18,32.58,32.58,714082,0.0000,1.0
2018-08-17,32.79,33.56,32.07,32.81,32.81,318413,0.0000,1.0
2018-08-16,32.09,32.74,31.7945,32.7,32.7,791852,0.0000,1.0
2018-08-15,32.04,32.84,31.66,32.17,32.17,522775,0.0000,1.0
2018-08-14,33.75,33.75,31.8,31.99,31.99,750360,0.0000,1.0
2018-08-13,36.0,36.16,33.61,33.88,33.88,1159583,0.0000,1.0
2018-08-10,34.5,36.2,32.79,35.97,35.97,1953274,0.0000,1.0
2018-08-09,36.8,38.26,36.31,37.86,37.86,1361134,0.0000,1.0
2018-08-08,36.39,36.96,36.01,36.3,36.3,476210,0.0000,1.0
2018-08-07,36.61,36.99,35.85,36.18,36.18,387060,0.0000,1.0
2018-08-06,35.4,36.81,35.4,36.56,36.56,373537,0.0000,1.0
2018-08-03,36.45,36.45,35.26,35.57,35.57,263766,0.0000,1.0
2018-08-02,35.77,36.26,35.77,36.09,36.09,307017,0.0000,1.0
2018-08-01,33.68,35.89,33.68,35.77,35.77,407629,0.0000,1.0
2018-07-31,34.56,34.77,33.8,33.96,33.96,325304,0.0000,1.0
2018-07-30,35.9,35.9238,34.23,34.28,34.28,409035,0.0000,1.0
2018-07-27,38.0,38.4,35.66,35.71,35.71,833126,0.0000,1.0
2018-07-26,37.99,38.22,37.38,38.04,38.04,396365,0.0000,1.0
2018-07-25,36.91,38.0,36.6801,37.95,37.95,188070,0.0000,1.0
2018-07-24,37.76,38.15,36.7,37.04,37.04,433315,0.0000,1.0
2018-07-23,37.18,37.93,36.2553,37.6,37.6,416632,0.0000,1.0
2018-07-20,37.1,38.0,36.7,37.0,37.0,392406,0.0000,1.0
2018-07-19,36.72,38.45,36.5,37.07,37.07,896773,0.0000,1.0
2018-07-18,36.38,36.67,35.78,36.6,36.6,323236,0.0000,1.0
2018-07-17,35.31,36.64,34.3,36.45,36.45,306925,0.0000,1.0
2018-07-16,36.06,36.18,35.35,35.77,35.77,267235,0.0000,1.0
2018-07-13,36.43,36.61,35.73,36.27,36.27,390726,0.0000,1.0
2018-07-12,35.46,36.52,35.04,36.51,36.51,414095,0.0000,1.0
2018-07-11,34.76,35.71,34.6801,35.29,35.29,544202,0.0000,1.0
2018-07-10,36.17,36.17,34.4,34.94,34.94,1230912,0.0000,1.0
2018-07-09,36.22,36.55,35.73,36.52,36.52,551401,0.0000,1.0
2018-07-06,35.93,36.15,35.8,36.0,36.0,355084,0.0000,1.0
2018-07-05,35.44,36.0,34.82,35.93,35.93,513470,0.0000,1.0
2018-07-03,35.24,35.85,34.58,35.78,35.78,321941,0.0000,1.0
2018-07-02,34.22,35.31,34.11,35.3,35.3,648817,0.0000,1.0
2018-06-29,33.55,34.43,33.38,34.26,34.26,408743,0.0000,1.0
2018-06-28,33.05,33.41,32.7704,33.29,33.29,632761,0.0000,1.0
2018-06-27,33.17,33.86,33.0,33.02,33.02,624210,0.0000,1.0
2018-06-26,32.78,33.555,32.52,33.26,33.26,455606,0.0000,1.0
2018-06-25,33.98,33.98,32.569,32.77,32.77,843817,0.0000,1.0
2018-06-22,35.17,35.17,33.5,34.05,34.05,3679040,0.0000,1.0
2018-06-21,34.49,35.45,33.72,35.28,35.28,596598,0.0000,1.0
2018-06-20,35.71,35.71,34.34,34.49,34.49,1063557,0.0000,1.0
2018-06-19,35.68,36.09,34.46,36.02,36.02,1184584,0.0000,1.0
2018-06-18,35.89,37.43,35.6,36.43,36.43,744043,0.0000,1.0
2018-06-15,35.16,36.67,34.53,36.15,36.15,1355127,0.0000,1.0
2018-06-14,34.52,36.0,34.13,35.38,35.38,1437185,0.0000,1.0
2018-06-13,32.33,34.93,32.245,34.5,34.5,1401687,0.0000,1.0
2018-06-12,32.17,32.645,32.02,32.17,32.17,924995,0.0000,1.0
2018-06-11,31.19,32.3,31.19,32.17,32.17,593573,0.0000,1.0
2018-06-08,31.43,31.675,31.045,31.42,31.42,347638,0.0000,1.0
2018-06-07,32.25,32.28,31.36,31.65,31.65,581202,0.0000,1.0
2018-06-06,32.36,32.68,31.9011,32.07,32.07,855864,0.0000,1.0
2018-06-05,30.96,32.5,30.909,32.32,32.32,1658453,0.0000,1.0
2018-06-04,30.26,30.93,29.92,30.73,30.73,523533,0.0000,1.0
2018-06-01,30.34,30.43,29.895,30.05,30.05,585020,0.0000,1.0
2018-05-31,29.66,30.2,29.35,30.08,30.08,1218135,0.0000,1.0
2018-05-30,29.82,30.35,29.74,29.85,29.85,606740,0.0000,1.0
2018-05-29,29.98,30.255,29.8,29.93,29.93,319580,0.0000,1.0
2018-05-25,30.15,30.58,30.15,30.29,30.29,185185,0.0000,1.0
2018-05-24,30.24,30.788,29.97,30.49,30.49,525401,0.0000,1.0
2018-05-23,30.07,30.79,30.07,30.54,30.54,241144,0.0000,1.0
2018-05-22,30.52,31.27,30.52,30.67,30.67,290183,0.0000,1.0
2018-05-21,30.8,31.2,30.61,31.0,31.0,395334,0.0000,1.0
2018-05-18,30.99,31.12,30.55,31.09,31.09,324580,0.0000,1.0
2018-05-17,30.51,31.18,30.28,31.04,31.04,477546,0.0000,1.0
2018-05-16,30.25,30.55,29.76,30.5,30.5,542862,0.0000,1.0
2018-05-15,30.0,31.2,29.92,30.42,30.42,680120,0.0000,1.0
2018-05-14,30.08,30.46,29.08,29.92,29.92,1239397,0.0000,1.0
2018-05-11,32.5,33.0,30.45,30.55,30.55,1298430,0.0000,1.0
2018-05-10,31.87,31.87,29.9,30.3,30.3,897465,0.0000,1.0
2018-05-09,32.08,32.44,30.425,31.0,31.0,849491,0.0000,1.0
2018-05-08,32.45,32.78,32.06,32.44,32.44,345450,0.0000,1.0
2018-05-07,32.06,32.9604,32.0101,32.56,32.56,459785,0.0000,1.0
2018-05-04,32.0,32.7,31.79,32.13,32.13,323226,0.0000,1.0
2018-05-03,32.13,32.74,31.75,31.97,31.97,559216,0.0000,1.0
2018-05-02,32.0,33.0,31.75,32.3,32.3,1033229,0.0000,1.0
2018-05-01,31.82,32.1999,31.36,31.99,31.99,472853,0.0000,1.0
2018-04-30,32.46,33.31,31.88,31.99,31.99,495734,0.0000,1.0
2018-04-27,32.59,32.77,31.7461,32.16,32.16,414139,0.0000,1.0
2018-04-26,31.69,33.0,31.69,32.07,32.07,755143,0.0000,1.0
2018-04-25,32.52,32.98,30.66,32.76,32.76,955702,0.0000,1.0
2018-04-24,33.81,34.49,32.84,33.36,33.36,450685,0.0000,1.0
2018-04-23,36.22,36.74,33.5,33.8,33.8,446814,0.0000,1.0
2018-04-20,35.97,37.8133,35.46,36.1,36.1,1193104,0.0000,1.0
2018-04-19,34.6,35.92,34.27,35.86,35.86,366089,0.0000,1.0
2018-04-18,36.98,37.21,34.4,34.71,34.71,486158,0.0000,1.0
2018-04-17,35.69,37.03,35.69,36.66,36.66,520239,0.0000,1.0
2018-04-16,34.4,36.97,34.06,35.45,35.45,741236,0.0000,1.0
2018-04-13,33.0,33.18,32.76,32.93,32.93,124046,0.0000,1.0
2018-04-12,32.87,32.94,32.1141,32.86,32.86,194878,0.0000,1.0
2018-04-11,31.97,32.7,31.89,32.54,32.54,188910,0.0000,1.0
2018-04-10,32.03,33.05,31.32,32.27,32.27,198563,0.0000,1.0
2018-04-09,33.29,33.46,31.41,31.54,31.54,148450,0.0000,1.0
2018-04-06,32.7,33.32,32.561,32.91,32.91,300035,0.0000,1.0
2018-04-05,33.09,33.66,32.41,32.94,32.94,467808,0.0000,1.0
2018-04-04,30.5,32.41,30.03,32.22,32.22,480700,0.0000,1.0
2018-04-03,30.82,31.42,30.28,31.12,31.12,355952,0.0000,1.0
2018-04-02,32.27,32.55,29.61,30.34,30.34,285030,0.0000,1.0
2018-03-29,31.24,32.67,31.1,32.44,32.44,1085724,0.0000,1.0
2018-03-28,31.45,31.9,30.37,30.9,30.9,415623,0.0000,1.0
2018-03-27,31.32,32.63,31.22,31.7,31.7,461506,0.0000,1.0
2018-03-26,30.99,31.5478,30.29,31.01,31.01,826603,0.0000,1.0
2018-03-23,30.41,31.75,30.4,30.52,30.52,351169,0.0000,1.0
2018-03-22,30.48,31.81,30.05,30.41,30.41,551163,0.0000,1.0
2018-03-21,30.5,31.8,30.0,30.87,30.87,3185113,0.0000,1.0
2018-03-20,30.27,30.68,29.16,29.25,29.25,543124,0.0000,1.0
2018-03-19,33.42,33.42,29.99,31.1,31.1,454938,0.0000,1.0
2018-03-16,33.73,36.16,33.445,34.48,34.48,669734,0.0000,1.0
2018-03-15,34.39,34.73,33.0101,33.77,33.77,117838,0.0000,1.0
2018-03-14,35.74,36.15,34.31,34.34,34.34,84596,0.0000,1.0
2018-03-13,36.13,37.667,35.08,35.5,35.5,131891,0.0000,1.0
2018-03-12,34.18,37.79,33.8411,35.93,35.93,379142,0.0000,1.0
2018-03-09,34.05,34.59,33.47,33.95,33.95,112333,0.0000,1.0
2018-03-08,34.61,34.8,33.3,33.84,33.84,138582,0.0000,1.0
2018-03-07,33.63,34.8,33.63,34.49,34.49,236265,0.0000,1.0
2018-03-06,33.05,34.2899,32.95,34.08,34.08,96574,0.0000,1.0
2018-03-05,32.29,33.77,31.6413,32.64,32.64,222759,0.0000,1.0
2018-03-02,29.38,32.3,29.38,32.3,32.3,92096,0.0000,1.0
2018-03-01,30.09,30.2199,29.15,29.74,29.74,76644,0.0000,1.0
2018-02-28,30.23,31.26,29.72,29.78,29.78,65888,0.0000,1.0
2018-02-27,30.5,30.83,29.795,30.11,30.11,36447,0.0000,1.0
2018-02-26,30.24,30.5,30.0,30.4,30.4,25838,0.0000,1.0
2018-02-23,29.36,30.22,29.02,30.18,30.18,62481,0.0000,1.0
2018-02-22,29.17,29.71,28.83,29.04,29.04,124824,0.0000,1.0
2018-02-21,29.65,30.49,29.07,29.08,29.08,150965,0.0000,1.0
2018-02-20,29.29,30.22,29.0,29.46,29.46,71493,0.0000,1.0
2018-02-16,29.71,29.8499,29.2,29.45,29.45,45860,0.0000,1.0
2018-02-15,29.77,30.2,29.051,29.92,29.92,71155,0.0000,1.0
2018-02-14,27.37,29.78,27.35,29.69,29.69,149433,0.0000,1.0
2018-02-13,27.23,28.24,27.23,27.57,27.57,83770,0.0000,1.0
2018-02-12,28.47,28.65,27.22,27.38,27.38,187610,0.0000,1.0
2018-02-09,29.37,30.729,26.85,28.16,28.16,283882,0.0000,1.0
2018-02-08,33.18,33.18,28.6501,28.71,28.71,342719,0.0000,1.0
2018-02-07,32.58,32.79,31.48,32.59,32.59,127827,0.0000,1.0
2018-02-06,29.0,33.205,29.0,32.78,32.78,205037,0.0000,1.0
2018-02-05,29.44,30.429,29.33,29.5,29.5,95450,0.0000,1.0
2018-02-02,29.5,29.95,29.26,29.63,29.63,64571,0.0000,1.0
2018-02-01,30.14,30.61,29.4843,29.69,29.69,141790,0.0000,1.0
2018-01-31,31.51,31.52,30.32,30.42,30.42,100625,0.0000,1.0
2018-01-30,32.31,33.74,30.77,31.08,31.08,141374,0.0000,1.0
2018-01-29,33.11,33.72,31.9238,32.15,32.15,86466,0.0000,1.0
2018-01-26,34.19,34.19,32.8245,33.12,33.12,167588,0.0000,1.0
2018-01-25,33.86,34.999,33.001,33.98,33.98,129159,0.0000,1.0
2018-01-24,33.82,34.49,32.82,33.58,33.58,262676,0.0000,1.0
2018-01-23,32.73,33.79,32.36,33.5,33.5,233622,0.0000,1.0
2018-01-22,32.34,33.035,32.07,32.89,32.89,96749,0.0000,1.0
2018-01-19,31.63,32.76,30.49,32.7,32.7,129217,0.0000,1.0
2018-01-18,31.63,32.11,30.83,31.38,31.38,129373,0.0000,1.0
2018-01-17,30.99,32.675,30.221,31.56,31.56,111788,0.0000,1.0
2018-01-16,33.71,33.71,30.59,30.97,30.97,151307,0.0000,1.0
2018-01-12,32.68,34.19,32.4,33.69,33.69,154205,0.0000,1.0
2018-01-11,30.43,32.6,30.0,32.6,32.6,101279,0.0000,1.0
2018-01-10,30.49,30.88,29.75,30.45,30.45,67416,0.0000,1.0
2018-01-09,30.2,30.65,29.6502,30.54,30.54,136875,0.0000,1.0
2018-01-08,28.89,31.0,28.89,30.17,30.17,223275,0.0000,1.0
2018-01-05,28.7,29.84,28.465,28.89,28.89,103935,0.0000,1.0
2018-01-04,29.94,30.135,28.385,28.61,28.61,125555,0.0000,1.0
2018-01-03,30.94,31.115,29.65,29.89,29.89,138625,0.0000,1.0
2018-01-02,31.91,32.6789,30.77,30.97,30.97,131719,0.0000,1.0
2017-12-29,31.82,31.9,31.15,31.89,31.89,57236,0.0000,1.0
2017-12-28,30.15,31.73,29.67,31.69,31.69,151400,0.0000,1.0
2017-12-27,30.43,31.57,29.325,29.63,29.63,194296,0.0000,1.0
2017-12-26,32.06,32.06,30.38,30.41,30.41,175924,0.0000,1.0
2017-12-22,31.98,31.98,31.09,31.89,31.89,73678,0.0000,1.0
2017-12-21,32.25,32.4953,31.13,31.99,31.99,126741,0.0000,1.0
2017-12-20,30.43,32.05,30.065,31.98,31.98,115460,0.0000,1.0
2017-12-19,31.06,31.06,29.41,30.45,30.45,229944,0.0000,1.0
2017-12-18,31.75,32.0899,30.5,31.19,31.19,150367,0.0000,1.0
2017-12-15,30.13,32.58,29.1,31.16,31.16,1411182,0.0000,1.0
2017-12-14,28.4,30.08,28.1789,29.06,29.06,207729,0.0000,1.0
2017-12-13,27.67,28.44,27.32,28.3,28.3,162184,0.0000,1.0
2017-12-12,28.35,28.94,27.251,27.48,27.48,127490,0.0000,1.0
2017-12-11,27.55,28.95,27.0894,28.0,28.0,348864,0.0000,1.0
2017-12-08,25.05,28.0,24.45,27.65,27.65,423176,0.0000,1.0
2017-12-07,23.0,23.95,22.27,22.97,22.97,214236,0.0000,1.0
2017-12-06,21.84,23.25,21.56,22.89,22.89,116507,0.0000,1.0
2017-12-05,22.69,23.1329,21.9,21.92,21.92,110171,0.0000,1.0
2017-12-04,24.74,24.97,22.57,22.6,22.6,117019,0.0000,1.0
2017-12-01,24.32,25.0,23.54,24.48,24.48,91232,0.0000,1.0
2017-11-30,22.77,24.54,22.51,24.12,24.12,225535,0.0000,1.0
2017-11-29,24.2,24.9099,22.02,22.41,22.41,480347,0.0000,1.0
2017-11-28,27.1,27.37,24.16,24.35,24.35,328055,0.0000,1.0
2017-11-27,29.24,29.24,26.9,26.91,26.91,106973,0.0000,1.0
2017-11-24,29.11,29.53,28.01,28.66,28.66,92767,0.0000,1.0
2017-11-22,27.97,28.87,27.775,28.49,28.49,137992,0.0000,1.0
2017-11-21,26.94,27.99,26.94,27.33,27.33,185033,0.0000,1.0
2017-11-20,25.62,26.98,25.278,26.94,26.94,230597,0.0000,1.0
2017-11-17,25.27,25.719,24.422,25.55,25.55,41297,0.0000,1.0
2017-11-16,24.31,26.0,24.31,25.51,25.51,70401,0.0000,1.0
2017-11-15,25.0,25.39,24.85,24.99,24.99,27781,0.0000,1.0
2017-11-14,24.86,25.4,24.53,25.11,25.11,44523,0.0000,1.0
2017-11-13,25.0,25.8,24.59,24.91,24.91,119603,0.0000,1.0
2017-11-10,24.54,25.14,24.2,25.12,25.12,127698,0.0000,1.0
2017-11-09,25.0,25.0,24.01,24.47,24.47,122618,0.0000,1.0
2017-11-08,25.22,25.29,24.78,25.07,25.07,102428,0.0000,1.0
2017-11-07,25.29,25.45,24.78,25.07,25.07,58803,0.0000,1.0
2017-11-06,25.0,25.2,24.94,25.13,25.13,32921,0.0000,1.0
2017-11-03,24.67,25.5,24.67,25.0,25.0,177988,0.0000,1.0
2017-11-02,25.95,26.199,24.75,24.79,24.79,89077,0.0000,1.0
2017-11-01,25.81,26.4,25.573,25.87,25.87,241048,0.0000,1.0
2017-10-31,24.9,26.25,24.45,25.85,25.85,560708,0.0000,1.0
2017-10-30,25.6,25.6,24.06,25.0,25.0,572941,0.0000,1.0
2017-10-27,26.25,27.0,24.68,25.5,25.5,5879848,0.0000,1.0
